| The first 300 instances from waveform.all
-1.23,-1.56,-1.75,-0.28,0.60,2.22,0.85,0.21,-0.20,0.89,1.08,4.20,2.89,7.75,4.59,3.15,5.12,3.32,1.20,0.24,-0.56,2
-0.69,2.43,0.61,2.08,2.30,3.25,5.52,4.55,2.97,2.22,2.81,1.61,1.24,1.89,1.88,-1.34,0.83,1.41,1.78,0.60,2.42,1
-0.12,-0.94,1.29,2.59,2.42,3.55,4.94,3.25,1.90,2.07,0.51,1.45,2.50,0.12,1.41,2.78,0.64,0.62,-0.01,-0.79,-0.12,0
0.86,0.29,2.19,-0.02,1.13,2.51,2.37,5.45,5.45,4.84,4.65,4.05,2.58,1.40,1.24,1.41,1.07,-1.43,2.84,-1.18,1.12,1
1.16,0.37,0.40,-0.59,2.66,1.00,2.69,4.06,5.34,3.53,4.82,4.79,4.30,1.84,1.73,0.21,-0.18,0.13,-0.21,-0.80,-0.68,1
-0.00,0.77,1.32,0.29,-1.28,0.84,1.60,1.55,2.93,4.76,5.55,4.30,4.89,2.81,2.37,3.68,-0.98,0.69,0.91,-1.80,0.39,2
0.87,1.07,-0.65,1.46,0.84,2.70,3.67,2.94,3.81,5.20,8.16,3.29,4.24,2.43,0.40,1.60,0.72,0.66,0.05,-0.24,0.67,1
-0.22,-0.91,-1.18,0.35,-1.92,-1.59,1.91,0.75,1.72,2.02,3.63,3.91,2.73,4.29,4.89,2.04,1.13,-0.66,-1.33,0.41,-0.75,2
-1.11,-1.14,-0.89,0.00,0.53,0.44,0.24,2.15,1.64,1.75,3.92,5.68,3.39,4.24,3.81,4.56,3.18,1.51,2.90,0.14,-0.12,2
-0.75,1.10,-1.90,1.43,0.47,0.40,0.86,3.51,2.62,4.50,6.83,6.94,0.75,3.23,1.08,-0.25,0.73,-0.41,-1.50,0.46,1.47,2
0.14,-1.18,1.42,2.28,3.10,3.15,3.49,4.54,1.40,3.41,3.40,2.83,0.06,0.60,3.61,2.08,-0.83,0.55,-0.55,-0.43,-1.05,0
1.32,-0.40,-0.69,4.17,3.66,4.00,5.24,3.88,2.17,1.82,3.65,1.01,1.82,1.13,-0.07,0.26,0.50,1.38,1.25,-1.34,0.53,0
-0.93,2.48,1.20,2.97,2.91,3.57,3.68,4.19,3.22,3.53,2.46,2.17,0.77,0.52,2.42,-0.89,0.51,-0.39,0.82,0.14,-0.63,1
-1.06,0.59,1.01,3.33,2.05,3.20,4.70,4.21,4.73,2.22,2.67,2.79,2.05,-1.53,-1.54,0.37,-0.09,1.04,-0.08,-0.27,0.47,1
1.86,0.37,-0.35,0.74,0.84,0.21,1.97,1.52,1.85,2.39,3.92,3.76,3.27,1.61,3.08,2.78,1.58,1.68,2.61,-0.91,-0.27,2
-0.51,-0.48,0.35,-1.67,0.26,2.45,-0.09,2.03,0.79,1.42,1.13,2.52,2.06,4.50,4.28,4.66,3.30,0.38,0.75,1.76,0.37,0
1.16,-1.19,-2.26,0.63,0.32,1.51,2.11,2.58,1.03,2.01,4.04,4.55,5.65,2.74,3.12,2.67,2.01,4.12,-0.81,0.07,-0.96,2
-0.09,2.30,-0.43,0.36,0.11,-1.20,1.47,2.25,3.50,2.14,6.68,5.45,2.22,2.79,2.61,1.87,0.48,1.98,1.64,1.32,0.71,2
-1.43,-0.46,-0.52,1.45,-0.00,1.35,1.39,0.81,0.03,1.39,2.55,2.42,3.07,5.46,6.29,6.50,4.60,3.77,1.62,1.01,-1.86,0
-1.09,-0.22,0.11,-1.03,1.09,1.72,1.91,3.61,2.22,4.67,4.02,5.32,1.63,2.02,0.40,1.37,1.80,-0.59,-1.22,-0.10,-1.56,1
-0.95,-1.28,0.68,-0.31,-1.04,1.86,-0.13,0.16,-1.05,-0.24,1.47,2.30,4.23,4.70,7.40,6.18,3.00,3.84,2.33,1.28,0.08,2
0.97,0.72,-0.64,-0.87,0.66,0.80,-0.47,0.55,0.57,0.30,1.97,2.48,3.13,2.53,6.35,5.24,4.37,3.77,0.47,2.25,-0.30,0
0.31,-0.34,-1.32,-1.24,-1.28,-0.02,-1.80,0.11,3.29,3.63,3.32,3.75,5.93,5.41,4.94,5.15,2.07,3.62,1.56,0.05,-0.31,2
-1.57,1.23,2.03,2.07,3.88,4.71,4.44,3.76,5.00,4.49,3.59,2.05,1.83,0.64,-0.21,0.79,-1.42,-0.73,-2.04,2.65,-0.26,1
0.39,0.93,0.19,-0.50,0.39,-0.58,0.13,0.85,2.63,3.32,4.41,4.24,3.59,4.06,3.42,2.33,2.04,0.83,1.16,0.81,0.91,2
-0.96,0.13,0.13,-0.70,2.89,1.26,3.48,4.36,0.59,2.37,2.02,2.62,2.75,2.60,3.66,3.06,1.41,1.09,1.25,-0.29,-0.41,0
0.36,0.40,0.73,1.91,1.44,3.17,2.72,3.60,1.02,3.27,1.06,1.54,3.44,2.45,2.58,-0.48,1.02,-0.01,2.42,0.71,-0.81,0
1.22,-0.19,1.38,0.16,0.14,3.07,4.07,5.37,4.33,3.96,6.73,2.16,2.83,1.27,1.57,0.73,0.80,0.15,-0.99,0.60,0.13,1
-1.07,1.18,-0.22,1.13,0.01,0.33,0.76,1.20,2.44,2.32,4.24,3.25,4.78,4.18,3.28,2.91,-0.04,2.57,0.91,1.46,0.39,2
1.01,0.40,1.01,0.60,2.77,1.70,1.44,4.01,5.26,4.47,4.67,4.55,2.91,0.30,1.62,0.92,-0.46,0.51,1.43,-0.05,-1.80,1
-0.73,-0.31,-1.88,-1.40,0.46,1.44,3.38,2.93,5.07,6.01,6.30,3.41,4.52,4.66,1.06,0.65,0.29,1.26,-1.04,-0.72,-0.71,2
-0.47,0.46,4.50,3.10,3.39,4.79,6.43,3.70,4.09,2.03,0.87,1.78,-0.78,-1.88,-2.09,0.29,0.01,0.06,-0.76,1.50,0.50,0
0.20,1.35,-0.74,-0.21,4.44,3.82,5.31,4.13,2.85,1.81,-1.38,1.08,0.65,-0.38,0.64,-0.38,0.23,0.75,1.05,2.09,-0.07,0
-0.84,0.96,2.33,4.86,5.01,5.57,6.62,4.60,3.42,2.86,0.31,0.53,0.20,-1.77,-0.41,-0.36,0.56,-0.15,0.26,-0.89,0.86,0
0.34,1.39,-0.71,-0.03,-1.56,1.10,-0.10,0.95,0.91,0.96,3.23,2.56,2.90,5.67,4.88,6.35,2.10,2.03,-0.43,1.70,1.91,2
1.66,-0.55,-0.40,-0.63,0.88,0.82,1.45,1.61,1.73,2.70,3.92,0.51,5.15,4.14,4.24,5.35,2.93,4.78,1.77,1.12,-0.94,2
-1.85,0.05,1.25,1.62,0.54,0.22,0.05,-0.19,0.32,3.64,1.91,3.03,2.77,5.21,4.89,3.30,5.68,3.59,0.98,1.46,-0.70,2
0.93,1.48,1.01,-0.30,0.95,0.73,0.27,3.66,3.02,3.87,2.60,3.15,4.65,3.87,3.37,0.73,2.61,2.16,2.10,1.86,-0.03,2
-0.94,1.51,1.41,2.49,1.54,2.29,4.48,4.10,2.39,1.51,1.09,1.32,0.72,4.28,2.25,0.06,0.76,0.53,-0.01,0.98,-1.48,0
1.72,1.47,2.62,3.11,1.14,3.17,3.93,4.51,3.11,3.96,2.69,1.27,0.48,1.47,2.20,0.79,2.05,-0.00,0.60,-2.16,-0.59,1
-0.67,0.49,0.55,-1.08,0.84,4.56,2.20,4.51,4.96,4.44,4.92,4.08,1.54,2.31,2.71,2.16,1.59,1.48,0.86,-0.14,2.03,1
0.25,0.56,2.37,1.03,0.21,-0.72,1.73,0.34,0.64,1.84,2.98,2.30,4.71,5.47,4.83,4.21,2.42,1.78,1.69,-0.18,0.65,0
-0.78,0.02,2.51,2.81,2.37,3.17,4.55,4.02,2.87,3.02,1.45,1.29,1.22,1.22,-1.20,0.91,0.34,-0.32,1.47,-0.29,0.68,1
-2.80,1.05,0.18,2.46,1.19,3.40,4.22,3.53,4.36,4.60,4.28,3.56,1.80,-0.75,-0.00,2.31,0.99,-0.10,1.49,-0.71,1.59,1
0.08,2.22,2.23,0.41,-0.21,2.27,0.78,0.11,3.39,0.57,-0.18,5.00,4.08,4.03,6.77,4.89,4.26,4.63,1.78,1.87,-0.10,2
1.91,1.66,1.61,3.71,1.26,4.74,4.57,2.65,4.80,3.47,1.42,2.75,0.33,1.88,1.63,1.42,1.12,0.81,-1.30,0.85,-1.98,0
0.46,-2.24,-0.01,0.68,1.01,2.45,2.31,0.52,1.40,3.52,2.97,1.87,5.68,6.38,4.48,4.96,0.66,1.91,0.88,0.45,-0.22,2
0.60,-0.30,-2.65,-0.49,0.18,-1.13,0.22,1.48,3.13,1.90,2.91,3.86,4.04,3.76,3.69,2.70,0.46,2.11,-0.45,1.73,-0.61,2
-0.59,0.11,-0.90,2.62,5.15,2.82,6.70,4.69,5.16,3.29,3.26,1.24,1.65,1.99,-1.25,2.59,0.70,1.97,0.56,-0.51,1.90,1
-0.18,0.22,1.68,-0.98,-0.57,1.41,-0.66,0.21,1.69,2.01,2.17,2.11,4.98,4.81,4.42,4.10,3.65,2.80,0.44,-0.51,0.70,2
-0.80,0.75,1.73,1.09,0.71,3.20,1.87,-0.52,0.96,0.72,2.15,3.32,2.91,4.37,2.58,4.32,0.83,0.60,1.60,1.17,1.64,0
-0.17,-0.50,1.34,0.48,2.20,2.14,3.50,2.95,4.29,6.32,7.48,4.49,5.40,3.45,1.62,0.77,-0.38,0.46,-0.47,-0.05,1.60,1
-1.41,1.77,1.92,3.66,2.74,1.89,3.16,2.97,2.30,3.65,2.66,0.68,2.29,1.32,2.07,2.72,1.44,0.86,-0.00,-0.96,-0.18,0
0.25,-1.88,-1.40,0.57,0.92,1.25,0.30,1.20,1.69,1.70,3.78,3.27,3.43,4.58,6.73,3.83,0.77,1.68,1.41,0.02,0.31,2
0.42,0.46,1.63,2.56,3.17,4.02,4.41,5.08,1.83,4.73,4.16,3.88,0.64,0.57,0.31,-1.56,1.45,-0.61,0.02,1.30,-2.42,1
-0.61,-1.42,-0.93,-1.90,0.56,0.50,0.62,1.64,3.26,1.83,4.37,6.80,3.99,2.43,3.96,4.23,2.52,2.34,1.49,-0.93,-0.31,2
0.50,-0.74,0.69,1.21,-0.47,1.26,1.35,0.32,1.78,1.95,3.35,4.37,3.82,2.05,5.28,2.65,3.04,1.67,2.44,0.52,0.53,2
-1.80,0.00,0.69,1.16,1.68,2.34,2.54,2.06,3.74,3.56,3.88,5.12,3.81,4.15,1.78,2.24,0.15,1.43,0.92,0.95,-0.21,2
1.11,-1.25,0.16,0.62,0.90,0.18,0.64,1.88,-0.02,1.57,2.95,4.32,3.30,4.65,5.54,4.40,1.25,4.69,1.70,1.80,0.31,0
0.16,0.95,0.32,1.58,0.95,1.30,2.71,-0.02,0.07,2.09,1.50,1.09,3.44,4.96,2.85,2.92,2.50,1.87,-0.01,3.13,0.58,0
0.53,0.45,-0.12,0.22,-0.50,0.92,2.03,2.71,4.53,2.59,6.93,4.56,2.32,4.60,1.36,1.75,0.24,0.14,2.50,-0.90,0.06,2
-1.57,-0.68,1.36,0.55,3.18,1.99,2.46,1.30,-0.09,1.26,2.86,1.69,1.38,3.57,2.91,1.78,0.59,1.45,1.57,2.57,0.15,0
-0.20,0.41,1.57,-0.29,1.92,0.61,0.68,1.87,1.39,2.13,3.67,3.92,5.49,4.65,4.65,6.61,2.75,3.45,2.40,1.28,-0.14,2
0.13,0.37,1.83,4.13,2.16,2.85,4.13,2.95,2.17,2.58,2.89,2.21,3.09,0.28,2.20,3.00,2.68,0.22,1.35,1.22,-0.03,0
-0.63,0.23,0.08,1.80,1.95,1.66,3.23,2.69,4.34,2.76,5.99,3.48,3.12,0.77,0.95,2.14,-1.31,-0.18,0.21,-1.14,0.76,1
0.46,1.21,0.65,1.05,4.47,4.46,5.10,2.55,4.23,3.77,1.94,1.34,1.01,0.84,0.55,1.77,1.93,2.21,1.50,1.35,0.09,0
-0.03,0.87,0.97,-0.78,0.41,2.06,2.95,1.96,2.45,1.12,2.64,1.76,1.27,3.13,2.76,2.33,0.96,1.53,2.40,0.64,-1.45,0
-0.70,-1.25,3.31,2.24,4.60,2.67,5.56,1.96,1.91,1.38,2.71,2.69,1.36,2.48,0.24,2.42,1.05,0.97,0.12,0.47,-1.67,0
0.68,-0.21,-1.23,-0.28,1.08,0.47,3.29,1.48,1.45,0.07,0.71,3.49,2.34,2.95,3.88,3.46,1.33,1.15,2.09,0.63,0.12,0
-1.58,2.09,1.38,2.14,4.06,3.92,4.74,4.37,4.93,1.20,1.65,1.80,0.53,1.89,-0.03,1.04,0.98,0.55,1.11,0.30,-0.19,0
-0.78,-0.38,-0.35,-1.00,0.37,1.72,1.42,3.55,2.94,6.02,7.17,5.13,5.17,2.41,3.24,-0.41,-1.02,0.71,-0.10,0.13,0.41,2
0.26,-0.15,0.02,1.86,0.65,1.99,2.87,2.30,4.90,3.00,4.86,2.23,0.74,0.48,2.53,1.33,0.28,0.82,1.14,1.83,0.32,1
0.38,0.65,2.83,1.74,2.58,3.79,4.67,4.82,4.89,4.10,2.15,2.19,1.60,2.19,2.54,0.44,-0.49,-0.26,0.36,-0.69,0.74,0
-0.02,-0.70,0.98,1.78,2.42,3.65,5.38,4.89,4.35,3.69,3.01,1.08,0.72,-1.40,-0.09,0.09,0.32,-0.21,-1.83,-1.49,1.12,1
1.66,-0.02,-0.63,-0.00,-0.19,-0.03,1.90,4.74,5.17,3.09,6.10,5.10,4.14,2.61,3.32,1.56,1.39,-1.18,0.64,0.38,-0.56,1
0.83,0.33,0.86,1.37,3.17,3.93,4.04,2.46,3.33,3.45,3.13,-0.90,2.70,1.74,1.28,1.73,0.98,0.96,1.13,-0.07,-1.27,0
0.05,-0.46,2.11,1.94,-0.49,1.38,-0.39,-0.47,1.32,2.53,2.85,3.20,2.53,5.19,6.11,4.67,3.35,3.21,2.63,1.19,0.77,2
-0.41,1.48,1.83,3.34,2.29,1.52,3.99,4.97,3.42,5.05,4.72,1.09,1.21,2.17,1.30,2.04,-1.70,1.63,-0.26,-1.16,-0.05,1
0.55,1.79,1.36,3.26,2.49,3.77,4.66,5.24,3.94,2.76,2.73,2.14,1.32,1.22,2.49,1.74,0.20,0.60,-0.28,0.40,-0.44,1
0.52,0.29,-1.01,2.66,3.63,3.30,3.92,4.35,5.33,4.78,2.78,1.27,1.10,2.81,-0.19,-1.27,0.09,-0.67,0.94,-2.07,-0.52,1
-0.15,0.97,1.41,2.51,3.57,3.79,6.19,5.09,1.99,2.79,2.79,1.43,0.48,-0.80,1.54,0.91,1.51,0.97,0.59,0.03,0.50,0
1.32,0.73,-0.86,-1.23,0.36,0.95,0.69,0.10,0.01,2.14,3.16,1.69,3.21,2.77,5.38,5.67,1.12,2.90,1.02,4.65,-0.90,2
-1.28,0.44,0.28,-0.30,2.41,-0.81,0.93,0.50,1.85,1.53,1.28,4.19,2.47,2.76,5.49,3.28,3.00,1.40,2.39,2.04,-0.63,0
-0.28,-0.11,-0.18,0.73,-0.74,1.32,0.43,-0.05,1.56,2.63,2.24,2.48,3.31,3.83,7.12,3.69,3.45,1.17,1.35,0.70,1.92,2
0.51,2.16,0.87,1.81,-0.07,3.58,5.03,2.52,3.61,4.97,5.62,2.96,1.13,2.47,1.18,0.12,-0.35,1.00,0.17,-1.01,1.12,1
0.66,0.83,1.29,-0.59,1.40,0.33,3.06,4.39,5.13,3.66,5.46,2.66,5.22,4.59,2.32,-0.30,1.33,2.16,2.17,0.05,-0.23,1
-0.57,0.61,0.61,0.48,-0.88,-0.38,0.81,3.13,2.79,5.24,4.54,5.49,4.87,3.15,2.14,1.88,1.59,0.81,0.23,1.66,-1.08,2
1.15,1.16,-0.92,-0.02,0.86,0.63,-0.78,2.03,0.66,3.90,4.92,4.53,4.61,2.77,3.18,2.82,1.40,3.32,0.16,1.09,-0.76,2
-1.36,0.39,-0.71,1.50,4.03,4.61,6.23,3.01,3.63,3.54,4.01,0.69,1.29,0.83,1.25,-0.70,1.86,0.52,-0.63,1.90,-0.37,0
-0.40,-0.50,0.40,0.43,-0.43,-1.68,0.04,2.46,2.44,2.28,4.00,3.96,2.31,3.14,4.16,2.95,0.02,0.50,-0.32,2.79,0.45,2
2.37,1.24,1.04,1.86,2.81,2.34,2.05,2.34,2.76,1.06,2.33,1.34,2.20,3.68,2.70,1.52,3.16,0.51,2.27,1.70,-0.79,0
0.58,-0.18,0.97,2.94,2.35,3.19,4.18,0.68,2.31,2.65,1.63,2.06,1.79,1.62,2.04,2.82,3.27,1.42,1.76,2.12,0.18,0
0.65,0.05,0.53,5.66,3.01,6.64,5.15,4.12,4.56,3.35,3.02,-0.53,1.26,-1.11,-1.57,-0.84,1.26,-0.22,-1.75,-0.14,0.39,0
0.36,1.66,1.59,1.11,2.99,4.20,5.10,3.31,4.01,3.76,4.41,3.56,0.89,1.65,0.85,0.59,-0.69,0.60,0.20,0.64,-0.16,1
-0.61,0.10,0.48,0.08,0.29,3.30,2.18,4.83,5.02,3.19,5.01,2.65,2.25,2.59,-0.23,0.65,0.36,-0.33,1.49,-0.66,1.32,1
0.96,0.28,1.14,0.87,-1.34,1.36,2.24,2.16,3.21,3.56,8.38,6.84,4.30,1.79,2.99,2.46,-1.25,0.62,-1.96,0.48,-0.28,2
0.49,-0.12,-0.42,0.54,1.93,2.98,3.66,4.78,1.80,2.11,3.33,2.14,2.65,0.84,3.16,2.70,2.41,1.30,0.77,0.97,0.26,0
-0.31,1.49,0.86,0.36,3.01,2.81,3.42,1.63,2.30,0.89,0.62,1.72,2.32,3.16,3.85,2.83,1.75,1.71,0.21,1.28,0.78,0
-1.75,-0.77,-0.25,1.36,-0.70,0.76,2.84,1.15,2.16,-1.77,3.13,0.52,3.78,4.55,6.07,4.65,4.26,5.18,0.80,1.54,0.33,2
-1.20,1.14,0.01,-0.07,-0.48,1.63,2.70,0.24,1.49,1.11,2.87,4.98,4.76,4.33,2.20,4.01,2.60,1.24,-0.97,0.84,1.33,2
-1.17,0.42,0.06,3.27,1.24,2.11,2.86,3.14,5.32,4.45,5.71,4.64,3.08,3.29,1.62,0.57,-0.28,0.01,-1.24,-0.52,0.89,1
0.62,2.03,2.53,1.19,3.24,5.13,5.51,5.25,4.80,4.86,2.64,0.92,-0.24,-0.26,0.79,-1.30,0.24,0.20,-0.73,1.36,0.93,1
2.51,0.00,0.85,2.12,1.42,2.59,3.14,2.38,3.23,2.58,2.59,1.93,2.35,1.90,2.20,3.97,2.13,3.49,2.31,1.86,0.26,0
-0.82,-0.19,0.27,1.45,1.50,0.49,-0.88,0.74,0.40,2.38,2.07,3.24,4.84,5.42,5.67,4.68,4.96,2.56,1.36,1.32,0.12,0
0.39,2.67,0.38,2.08,3.48,2.20,3.79,4.28,3.86,6.00,3.38,5.30,2.89,1.02,1.18,1.89,-1.76,0.46,0.40,0.51,-0.25,1
-0.82,0.14,0.17,0.81,0.18,2.40,1.87,2.61,0.23,2.52,2.30,2.67,-0.01,3.52,1.22,2.72,3.19,3.37,3.12,1.60,-0.33,0
-1.87,3.15,-0.08,0.78,2.66,1.62,4.64,1.59,2.65,-0.72,2.21,3.64,2.78,4.79,5.28,1.10,3.34,1.78,1.32,1.15,-0.71,0
-2.56,0.18,3.45,1.68,4.09,3.85,5.51,5.19,3.02,4.09,1.91,2.24,2.56,1.07,-0.97,1.20,-0.65,-0.68,-0.25,-0.71,0.65,1
-0.27,-0.26,2.37,1.79,2.48,3.46,3.16,2.99,0.62,2.06,2.24,2.87,2.36,0.44,3.42,-0.44,1.31,1.58,0.30,1.31,-0.20,0
-0.69,-0.87,-0.19,0.58,2.31,2.80,4.65,2.68,3.10,4.74,5.24,3.67,3.38,0.30,1.35,-0.02,-1.67,-1.33,-1.28,-0.47,0.66,1
0.61,-0.46,1.77,-0.14,-1.54,0.64,3.73,2.81,2.75,4.78,6.39,5.63,3.18,3.09,4.21,1.15,-0.20,1.40,-1.42,-1.89,-0.75,2
-0.72,-0.01,2.10,1.42,3.22,3.18,5.91,4.89,4.16,2.93,1.67,-0.36,1.56,2.55,-0.02,0.42,0.46,1.59,0.11,1.51,-1.80,0
-0.68,1.57,1.30,1.09,2.93,3.20,3.93,2.08,4.01,3.37,3.05,2.25,2.10,1.24,1.12,-0.16,1.75,1.24,-0.12,2.17,0.98,1
0.08,-0.27,0.38,1.11,1.29,1.05,0.11,0.77,2.61,2.65,2.33,3.81,2.56,4.45,4.82,3.30,3.18,3.33,0.73,0.17,-0.53,2
-2.52,0.11,0.38,1.98,-0.66,1.06,0.32,1.93,3.23,2.51,3.89,4.52,2.85,3.91,3.25,3.14,2.75,3.13,1.89,2.45,0.96,2
0.68,-0.03,1.99,0.14,-1.35,0.05,0.52,1.25,2.01,2.46,1.73,4.17,2.10,4.78,4.04,3.31,3.45,1.00,2.30,-0.66,0.28,2
-0.83,1.43,-1.59,0.75,0.29,0.67,1.74,3.94,5.03,6.47,5.80,5.49,2.37,3.77,2.89,3.40,1.47,-1.16,-0.36,-0.04,-0.37,1
-0.05,0.59,1.44,0.10,4.25,4.25,4.13,4.05,2.52,2.94,2.05,2.24,0.37,1.32,0.16,1.60,1.41,1.18,1.56,-0.37,0.08,0
0.09,0.96,2.55,4.53,4.35,3.15,6.64,4.79,4.24,3.57,1.47,0.95,0.61,0.42,1.13,1.36,1.19,-1.43,0.06,0.37,0.24,0
0.77,1.89,-0.10,2.99,1.75,3.01,4.46,5.44,4.76,3.40,4.53,3.02,4.18,3.12,0.40,0.81,1.19,-3.19,-0.45,0.90,-2.61,1
-1.98,0.24,3.63,2.20,1.72,4.81,5.48,3.55,3.55,1.84,1.89,1.90,0.66,2.05,3.07,1.88,1.90,1.30,0.24,1.33,1.91,0
0.88,2.71,0.26,0.02,1.03,1.73,2.08,3.31,4.33,5.97,5.40,4.19,4.20,4.14,1.82,-1.13,1.85,0.05,-0.21,0.56,-0.43,1
-2.01,1.38,3.15,-0.22,3.47,3.10,3.79,2.16,3.65,3.17,0.72,2.08,3.26,1.92,3.76,3.12,2.42,2.79,0.80,0.43,1.67,0
1.12,0.42,-1.31,-0.08,0.01,0.47,2.48,1.76,1.66,3.73,5.05,6.68,4.68,5.16,3.30,0.41,0.58,-1.02,-0.22,0.68,-0.74,2
-1.10,-1.88,0.51,-1.04,0.59,0.47,1.64,0.16,4.27,3.84,5.36,5.28,2.16,2.72,2.47,0.07,1.94,0.29,-1.29,1.45,0.24,2
0.71,2.71,1.82,4.07,4.94,4.04,5.71,6.08,3.56,3.66,4.21,0.55,0.33,-0.91,-0.29,-0.52,0.18,0.46,-0.51,0.50,-0.57,1
1.56,0.24,-1.22,0.09,-0.53,1.41,1.44,3.50,4.03,4.80,4.88,6.36,4.25,3.35,1.23,1.75,-0.16,0.91,-0.38,0.75,1.54,2
0.57,0.18,2.14,1.46,1.91,0.90,3.17,2.30,0.73,2.20,2.68,0.53,2.42,3.52,3.69,3.26,1.62,3.77,1.40,0.03,2.64,0
-1.32,-1.20,0.53,-0.55,1.50,1.98,3.63,3.60,4.16,5.06,4.38,4.19,2.05,1.09,2.70,1.43,-1.10,-1.21,-0.28,0.51,0.15,1
1.09,-0.13,-0.81,0.56,1.35,0.33,-0.06,2.48,4.75,2.92,5.27,5.45,2.80,2.60,4.70,1.78,1.15,1.27,0.41,0.15,-0.05,2
0.82,0.69,-1.22,2.28,1.71,3.50,3.76,4.00,5.63,3.37,1.66,1.94,1.39,1.93,0.68,-0.18,0.13,-0.20,-1.08,0.38,-0.06,1
0.28,0.63,1.61,-0.98,-0.13,1.03,-1.43,1.60,3.49,3.35,5.01,3.22,4.90,5.22,3.65,2.95,3.66,2.50,1.12,0.11,-0.60,2
-0.15,2.14,2.24,2.05,3.22,6.64,3.96,6.34,5.18,3.21,2.57,2.00,-0.96,-0.44,2.24,0.27,-2.85,0.39,-0.03,0.56,-0.28,1
0.60,0.10,-0.14,0.22,-1.43,1.17,3.52,2.21,6.55,5.02,5.42,6.23,2.66,2.66,2.79,2.69,-0.86,0.43,1.22,-2.12,1.21,2
0.08,-0.49,0.71,1.11,-0.23,3.33,2.11,3.32,4.67,4.24,5.55,4.19,2.84,-0.34,1.86,0.66,-0.24,0.50,-0.83,-0.43,-0.13,1
0.59,-0.76,0.20,-0.59,0.75,0.59,4.30,2.42,3.00,4.64,5.32,5.06,2.61,3.88,1.40,2.16,-0.02,0.89,0.19,-0.59,1.38,1
-0.50,-1.34,1.57,0.44,-0.40,-0.33,-1.20,0.30,1.16,2.71,1.06,3.41,5.26,3.74,4.81,3.72,2.67,1.71,1.73,0.04,0.42,2
1.16,1.72,2.54,1.15,4.04,5.30,4.34,4.18,4.67,2.61,0.62,1.81,0.19,0.87,-0.14,0.72,0.93,-0.77,-0.08,0.74,0.38,0
-0.86,-0.72,-0.63,0.01,-0.26,-1.11,0.02,0.80,-0.19,-0.02,0.48,3.66,3.39,4.68,5.35,5.38,2.94,2.07,-0.10,0.41,-1.53,0
1.51,1.37,0.53,-0.64,1.74,2.34,-0.26,2.12,0.11,3.81,4.84,4.72,5.59,2.92,5.48,2.08,2.08,-0.87,2.29,0.00,0.08,2
0.36,0.74,-0.80,1.13,0.12,1.46,2.42,3.60,4.00,3.95,5.29,4.57,1.52,0.48,1.92,2.09,1.72,-0.34,-0.49,0.95,-0.53,1
-2.03,0.06,-0.17,-0.32,0.74,0.59,0.58,3.33,1.02,1.61,3.92,2.61,4.49,4.04,3.12,3.56,2.59,2.68,2.31,0.34,-0.37,2
-0.28,-0.40,0.96,0.87,1.70,3.45,4.67,4.61,6.03,3.54,2.62,1.39,1.18,3.81,0.29,-0.16,-0.13,-0.22,-0.67,-0.71,0.38,1
-0.15,-2.35,-2.02,1.30,-1.29,1.20,0.63,0.81,-0.77,3.50,3.69,2.23,1.86,4.90,6.27,5.50,1.46,3.11,1.53,-0.16,-0.32,2
-0.51,0.50,2.06,1.46,-0.09,1.97,3.13,3.39,6.10,4.67,3.60,2.44,2.07,1.43,2.18,0.70,-0.18,-2.39,1.28,1.24,-1.13,1
0.79,0.22,1.49,2.36,3.48,2.95,3.56,1.90,3.71,3.64,2.18,3.97,1.42,2.90,1.76,1.10,1.29,2.45,-1.05,0.47,0.57,0
0.42,-1.19,0.29,2.24,3.14,1.86,3.78,2.83,2.92,4.86,5.03,2.76,1.57,0.55,-0.09,2.07,0.46,-0.80,0.14,0.27,-0.06,1
1.03,0.86,1.52,0.62,1.17,0.80,4.10,4.07,2.35,2.40,0.36,1.80,2.34,2.12,4.02,2.26,1.16,3.61,0.25,0.33,-0.20,0
-2.02,-1.17,-0.41,-0.41,0.03,1.36,1.97,-0.10,1.28,2.89,4.78,2.86,5.63,4.89,3.97,2.43,1.50,2.76,0.13,0.05,-1.24,2
-0.38,3.15,-1.61,1.81,3.03,3.24,3.15,3.25,2.41,5.26,4.09,2.54,3.59,3.18,2.49,-0.09,-0.09,-0.46,-0.46,-1.16,0.27,1
-0.20,0.57,1.40,1.54,3.76,2.92,4.43,3.76,5.14,3.00,6.02,2.36,4.51,0.86,1.28,-0.22,1.76,0.26,-0.19,0.12,0.40,1
2.10,0.03,0.85,1.77,2.39,1.23,4.82,4.11,2.02,3.32,5.01,4.46,1.17,0.40,0.16,1.07,0.43,0.57,-0.29,1.64,-0.28,1
-0.23,0.39,0.82,-0.27,0.17,-0.25,2.70,2.43,3.96,4.01,6.30,4.97,4.49,3.73,1.88,0.65,1.06,0.21,1.50,1.38,1.65,2
2.50,0.68,-0.20,0.02,2.07,-0.59,1.12,0.71,1.07,3.27,4.01,2.32,2.96,5.33,4.86,2.82,2.05,1.15,-0.31,0.66,1.96,2
-0.16,0.47,0.85,-0.57,0.50,1.83,2.03,1.61,5.16,3.97,7.89,5.56,3.72,2.42,1.23,0.55,0.77,-0.02,0.26,-1.02,0.77,1
-1.20,0.93,1.76,2.67,3.89,2.39,3.67,4.89,4.06,2.62,2.73,1.61,2.47,1.18,2.21,0.91,3.01,0.20,-0.63,1.44,1.29,0
1.93,0.65,0.54,0.50,-0.47,0.65,-0.72,-0.90,1.11,2.15,2.75,3.66,5.37,6.06,5.40,5.14,3.84,3.98,1.71,0.33,0.33,2
1.47,-1.08,1.98,0.91,1.01,1.25,2.74,2.17,5.25,3.76,4.67,2.97,2.19,2.95,2.11,0.76,-2.13,0.53,0.20,2.16,0.16,1
0.14,0.65,-0.79,0.71,0.93,0.79,2.81,2.22,4.06,6.43,6.56,4.81,2.58,3.71,2.32,2.48,-1.76,2.34,0.23,0.09,-0.48,2
1.03,1.29,1.47,0.39,3.09,3.51,5.46,6.32,5.08,4.48,-0.03,-0.29,-0.48,1.13,0.56,0.97,-1.05,1.03,-0.05,-0.86,-0.01,1
-0.14,0.38,1.34,3.57,2.93,4.58,3.67,2.82,3.15,3.80,1.70,2.58,-0.84,0.63,-1.00,2.16,0.87,0.69,-0.34,-0.12,-0.04,0
0.06,1.10,-0.55,1.49,0.94,4.29,5.37,5.09,5.39,3.85,4.14,0.47,0.95,-0.36,1.59,0.08,-0.23,0.26,-0.41,-0.26,1.39,1
0.56,0.65,1.17,0.80,1.52,-0.02,-0.32,-1.25,1.80,-0.07,1.83,4.37,3.79,2.84,6.07,3.79,2.48,1.72,2.06,0.77,-0.19,0
-0.38,-0.61,0.51,0.85,-1.10,1.02,-0.32,0.79,2.94,1.72,2.02,3.54,3.43,3.84,5.55,3.45,3.75,1.75,1.76,0.73,0.69,2
-0.75,0.45,0.06,1.21,2.98,2.04,5.44,3.18,4.33,2.92,3.04,2.59,0.71,0.26,0.89,0.22,-1.50,-1.16,1.18,0.51,-0.35,1
-0.64,-1.38,-2.45,-1.48,-0.25,-0.54,2.96,2.67,2.75,3.02,5.12,2.97,4.22,3.57,4.54,2.71,1.46,0.13,0.87,-0.56,0.40,2
0.93,-1.39,1.24,1.24,-2.03,0.56,-0.42,-0.12,1.50,0.61,4.70,3.11,4.00,6.22,7.22,4.76,5.32,0.81,2.03,1.17,-0.75,2
-0.85,0.96,-0.70,-0.61,-0.67,0.01,1.85,1.64,4.17,2.52,4.54,3.57,3.52,4.92,6.22,1.49,1.88,0.09,0.46,-0.58,-0.85,2
-0.28,1.52,1.96,1.12,0.06,1.39,3.82,2.74,4.58,4.23,7.46,3.46,2.26,2.73,1.04,0.87,2.13,2.01,0.70,-1.50,0.19,1
-0.03,0.93,1.59,2.99,3.42,4.39,3.81,3.15,1.83,1.02,2.37,2.28,0.89,0.42,0.58,1.73,1.61,-0.70,1.19,0.49,-0.15,0
0.40,0.29,-0.19,-0.46,-1.76,-0.26,1.72,2.26,0.31,3.17,4.12,4.31,4.07,4.25,1.13,3.95,2.41,0.41,0.62,1.02,-0.91,2
-0.03,2.54,2.62,2.44,3.41,5.67,3.71,6.12,3.09,2.68,2.22,0.83,1.69,0.43,-0.68,-0.12,0.85,0.32,-0.62,-0.24,-0.75,0
1.74,1.49,-0.09,2.15,1.73,2.46,5.13,3.10,0.94,4.32,2.62,2.39,0.71,1.94,1.33,1.09,0.52,1.44,0.17,0.94,-1.68,0
-0.38,-0.09,-0.17,0.32,0.27,1.34,1.93,-0.92,2.02,3.64,2.10,1.69,3.67,3.69,4.74,3.13,3.06,1.25,1.22,0.85,0.50,2
-0.53,0.56,2.06,-1.11,0.43,1.05,0.92,0.71,1.11,0.76,1.41,2.54,5.32,5.38,5.77,2.04,1.65,1.39,1.42,0.19,0.28,2
0.01,-0.90,1.22,0.31,-1.16,1.55,1.51,2.07,1.15,3.30,3.64,6.11,4.02,2.19,3.28,1.68,0.15,1.54,1.46,0.21,0.84,2
1.47,-0.95,1.05,0.20,0.16,0.24,0.83,1.11,2.11,2.27,2.73,2.68,4.52,3.79,4.50,3.15,3.18,1.61,1.31,0.61,0.03,2
1.98,-0.58,0.06,2.05,1.95,-1.45,0.45,-0.65,2.08,0.52,2.84,3.31,4.14,4.54,5.95,5.14,3.00,1.50,3.67,-0.60,-0.27,2
-0.62,0.75,0.20,0.48,0.89,0.98,1.85,3.40,3.76,4.47,6.78,3.69,3.29,2.07,1.47,1.54,-2.18,-1.56,-0.21,-0.41,2.10,1
0.27,2.67,0.96,2.67,3.44,5.53,6.85,5.59,3.14,2.79,1.49,0.23,-0.13,0.35,0.92,-1.29,0.81,-0.04,0.20,-2.02,-1.57,1
0.76,1.14,-0.18,-1.52,1.31,1.33,-1.13,3.87,3.76,5.35,5.83,4.79,3.72,4.54,1.61,0.85,0.07,0.06,-0.02,-0.17,-1.53,2
-0.67,1.67,1.55,4.06,3.58,5.12,4.88,3.94,4.76,3.84,2.58,1.61,1.51,0.74,0.81,0.85,0.09,1.20,1.44,-1.33,-1.26,1
1.42,-0.14,0.61,1.17,2.70,1.35,3.66,2.17,1.65,3.00,3.70,3.19,0.66,1.95,4.26,-0.35,1.60,1.95,-0.70,1.17,-1.39,0
0.19,-0.39,-0.96,0.09,2.04,-0.37,-1.30,1.19,2.95,3.59,1.89,5.61,2.85,3.97,5.30,3.68,3.61,0.64,2.65,1.93,0.36,2
1.11,-0.89,-2.79,-0.41,0.59,0.15,3.55,3.48,5.43,6.22,5.21,2.81,3.61,0.62,2.58,1.02,0.50,0.16,0.33,1.72,1.36,1
-0.53,1.14,0.41,1.68,2.59,0.25,3.57,2.34,1.79,1.89,1.40,3.26,3.32,1.65,2.50,1.61,2.42,2.18,2.99,1.37,0.02,0
-0.94,1.39,1.69,0.60,3.45,2.99,5.45,4.05,2.39,4.87,3.18,0.35,3.02,-0.07,-0.95,-0.09,0.76,-0.59,-2.90,-0.72,0.26,1
-0.99,-0.48,0.99,-0.38,0.25,-0.07,3.08,2.28,2.70,5.66,5.40,5.19,2.96,4.58,2.87,2.07,0.84,1.24,1.87,0.21,1.25,2
0.16,0.81,0.72,2.32,-0.26,2.43,4.33,3.89,4.25,5.60,3.89,4.37,2.82,1.99,0.65,1.96,0.38,0.44,0.83,1.86,0.65,1
2.52,-0.32,-1.89,1.29,0.25,-0.26,-1.45,0.49,2.38,2.52,1.68,2.61,2.39,6.71,3.88,2.99,4.42,2.88,0.76,2.77,0.18,2
-0.79,2.45,0.70,0.20,0.54,0.61,0.88,3.22,1.53,4.12,6.56,4.69,3.91,5.31,2.53,-1.34,1.55,-0.73,-0.39,-0.34,-0.55,2
1.96,-0.52,0.12,0.64,0.83,1.04,2.93,3.55,4.61,4.70,5.30,3.49,2.69,2.31,-0.05,0.01,-1.90,0.03,0.74,-2.09,0.47,1
-0.21,1.78,0.10,-0.36,1.20,2.75,0.68,3.51,2.00,2.27,3.51,2.72,2.56,2.11,3.73,3.45,1.64,2.62,2.88,2.10,-0.18,0
0.25,2.29,2.25,0.82,2.50,4.56,4.39,4.96,2.99,4.19,0.91,0.74,0.23,3.16,-1.45,-1.22,-0.21,-1.40,-1.67,0.53,0.58,1
-0.71,1.57,0.26,-0.75,1.27,0.28,1.10,4.92,3.50,3.69,5.03,5.30,2.98,5.05,3.80,2.56,-0.98,1.17,-0.10,-1.80,-0.69,2
0.16,1.43,0.74,2.47,0.81,0.99,2.54,3.63,2.56,1.09,2.56,2.99,1.04,3.61,4.43,1.94,2.16,0.11,0.99,0.24,-1.64,0
-0.76,0.51,0.82,0.83,2.20,3.88,4.26,3.97,3.61,4.50,3.39,1.21,2.22,0.12,-0.20,0.35,2.44,-0.43,-0.50,1.15,0.07,1
1.27,-0.36,-0.15,3.61,3.10,3.13,6.50,2.48,2.65,3.96,3.37,3.68,0.59,0.39,0.33,1.08,0.52,-0.29,0.08,-1.59,-2.10,1
0.97,0.97,1.69,1.92,4.20,3.22,5.18,2.77,2.43,3.46,-0.12,1.07,1.65,0.68,2.02,2.69,-0.02,1.49,-0.73,1.61,-0.19,0
0.74,1.20,2.28,2.44,0.99,4.74,3.25,3.33,4.86,3.78,5.15,3.35,0.97,1.22,-1.16,-0.33,0.71,-0.68,0.81,-0.17,-0.14,1
-0.32,1.58,-0.91,2.38,0.50,0.67,-0.46,0.45,1.25,2.76,1.26,5.33,3.20,2.99,3.32,2.96,1.11,1.70,1.10,1.04,-0.36,2
1.08,1.21,0.84,2.83,4.13,3.80,5.58,3.46,3.65,4.25,2.78,1.56,0.49,1.52,1.18,1.64,-1.63,-0.57,0.25,-0.52,1.00,1
-1.35,0.93,1.37,2.13,1.44,1.51,3.39,3.74,3.95,3.23,4.49,4.43,3.43,3.20,1.37,-0.46,-1.48,2.16,0.28,-0.45,2.36,1
-1.00,0.04,0.24,-0.39,-1.02,0.14,-0.26,0.51,-0.75,0.59,3.74,1.81,2.93,5.06,5.23,4.25,0.37,2.98,2.86,1.63,0.46,0
-0.62,-0.73,-1.33,0.57,1.24,1.26,2.26,2.70,2.00,1.58,3.32,1.62,3.04,3.31,4.42,3.72,2.27,0.92,2.04,-0.19,-2.13,0
-0.63,0.96,-0.60,1.58,-0.06,1.36,2.67,3.84,5.79,5.37,6.00,4.48,1.74,4.65,1.63,1.60,0.85,-2.67,0.50,-0.45,1.93,1
-1.82,1.99,1.33,2.37,2.53,5.14,3.51,3.69,4.71,2.12,2.23,2.81,1.21,2.43,2.92,0.85,1.43,3.11,-0.25,0.62,0.23,0
0.57,0.23,3.42,2.97,2.68,2.61,3.67,1.95,2.61,2.91,1.45,1.18,1.20,2.87,1.24,-0.05,0.52,0.51,1.03,-0.23,-0.27,0
-0.98,0.67,0.09,0.88,0.91,-0.45,0.95,1.47,0.28,1.46,3.51,2.90,3.69,3.52,5.32,3.85,2.70,0.92,2.65,2.34,-1.05,2
-0.61,-0.73,-0.30,2.10,0.59,3.51,5.82,6.14,3.71,3.42,4.91,1.85,2.47,1.46,1.73,2.04,-2.09,0.45,2.07,0.58,0.32,1
-0.00,-0.30,0.33,1.77,-0.12,1.09,1.11,2.01,1.68,2.93,4.53,2.93,3.51,3.23,2.63,1.01,1.75,1.15,1.60,0.45,-1.19,2
0.10,-0.10,1.60,3.49,4.42,6.39,5.44,4.98,3.87,2.34,2.42,-0.49,0.11,1.36,-0.58,-0.21,-0.49,-0.40,-0.40,1.58,-0.60,1
-0.48,0.28,1.19,3.06,4.61,5.92,4.69,5.65,5.79,1.74,1.85,1.08,-1.60,-0.46,0.26,-0.64,-0.61,-0.28,0.90,-0.62,1.17,1
-0.21,1.10,2.30,2.74,2.03,4.21,3.68,1.73,4.48,4.54,1.83,-1.04,1.45,1.95,1.74,0.20,3.14,0.62,-0.51,-0.24,-0.44,0
2.23,-0.09,1.10,0.49,-0.50,0.30,-0.96,0.80,0.52,1.45,3.50,4.83,3.90,3.17,5.20,4.02,2.71,2.77,2.24,1.12,-1.28,2
0.68,1.19,1.86,0.73,4.91,2.82,6.46,5.29,4.45,2.91,3.81,1.34,0.83,1.54,1.10,-0.52,0.23,-0.16,-0.75,-0.29,0.29,1
0.65,3.40,1.86,2.36,3.22,3.22,6.83,3.59,4.24,3.14,1.68,3.12,2.03,0.21,1.58,-0.33,0.16,-0.59,1.41,-2.55,0.53,1
1.91,-0.68,0.93,2.01,2.62,3.04,3.18,3.16,0.65,0.83,2.56,0.86,1.09,2.33,2.75,2.36,1.93,2.86,1.30,0.50,-0.86,0
0.39,1.67,-0.35,2.28,0.82,2.52,1.30,4.00,3.73,4.19,3.82,4.66,1.31,3.91,3.66,0.29,1.52,0.72,0.14,1.62,-0.53,1
-0.54,2.21,2.91,3.18,4.54,6.26,4.96,3.52,6.88,2.19,3.82,1.51,1.22,1.74,0.81,0.02,-1.14,2.31,1.04,-1.11,0.26,1
-0.16,1.57,-0.64,-0.05,0.36,-0.04,-0.45,2.54,4.02,4.61,6.04,5.78,3.30,3.25,3.22,0.94,0.67,0.98,-0.31,1.16,0.38,2
-1.01,0.31,2.02,2.87,1.21,1.08,3.26,1.33,1.91,1.13,0.81,0.96,2.34,1.54,3.12,3.53,3.86,0.56,0.08,-0.16,-0.10,0
2.08,-0.78,1.20,0.15,2.26,2.66,5.25,5.21,3.87,3.97,2.69,2.08,3.04,-0.40,1.57,-0.12,1.17,-0.63,-0.31,-1.39,0.20,1
1.47,0.84,1.14,3.23,4.50,2.05,3.98,5.03,3.90,3.01,4.43,1.75,0.38,-1.08,0.36,0.75,-1.70,-0.38,-0.51,-0.51,1.41,1
-0.22,2.00,2.09,0.66,4.74,3.42,6.67,4.17,5.56,2.43,2.55,2.49,0.43,0.57,2.36,0.73,0.49,0.31,-0.79,0.74,0.41,1
-0.93,-0.23,-0.40,3.04,-1.71,1.80,1.58,0.97,-1.48,2.48,1.94,3.82,4.59,3.88,7.68,4.11,4.28,3.67,1.22,-0.03,1.06,0
-0.61,0.33,-0.15,0.53,3.37,1.33,4.13,4.74,3.40,2.82,5.11,2.95,2.78,3.04,-0.14,1.87,0.06,0.56,-0.36,-0.83,0.49,1
-1.51,0.13,-0.34,-0.18,0.36,-0.58,2.10,2.26,2.53,4.15,4.13,4.14,3.19,3.97,2.75,3.76,2.70,0.05,0.98,1.07,1.75,2
-0.29,-1.69,2.18,1.98,2.78,3.96,4.40,1.86,2.43,2.15,2.64,1.92,1.71,0.91,1.99,1.49,1.25,1.21,1.44,0.27,-0.25,0
0.12,0.59,-0.72,0.14,-1.51,0.61,2.73,1.01,2.93,3.90,4.65,5.97,3.36,4.17,2.92,4.70,-0.06,0.75,0.95,-0.14,0.55,2
-0.01,2.75,1.20,-0.20,4.05,2.76,4.97,4.43,2.21,3.51,1.24,0.71,2.45,1.16,2.36,2.19,2.60,0.04,0.11,0.76,2.95,0
0.46,0.30,-0.03,-0.03,-0.07,2.75,3.81,2.44,3.77,2.49,4.71,5.67,3.03,2.36,1.47,-0.36,-0.08,0.32,-0.70,-0.47,-0.48,1
-0.08,-1.16,2.75,2.20,0.06,1.94,5.98,2.30,3.61,2.79,4.23,3.06,4.62,-1.00,0.83,1.17,-1.00,-0.40,-1.22,-0.03,-0.06,1
0.44,-0.42,1.08,0.23,0.69,0.81,0.55,-0.36,0.87,0.45,3.48,3.70,3.83,4.68,6.35,3.51,3.29,2.73,1.41,-1.01,-0.59,2
0.37,-0.37,0.86,-0.93,-0.62,-0.57,2.14,0.69,2.69,1.99,2.97,5.59,4.53,4.94,5.63,2.84,0.91,0.67,1.50,-0.15,1.04,2
-1.76,-0.29,0.68,0.05,1.21,1.18,1.74,3.30,4.67,5.06,5.20,5.51,3.56,2.12,1.13,0.35,1.31,-0.13,0.05,-0.79,0.95,1
0.54,-0.17,-0.46,-0.19,0.12,-0.61,1.87,2.85,2.34,4.39,5.62,3.97,4.34,1.56,2.16,2.97,0.05,1.79,1.33,-0.16,-0.58,2
-1.16,1.27,1.42,-0.60,1.09,0.35,0.27,-0.39,0.26,2.23,2.87,3.77,4.49,2.68,5.25,2.91,0.82,2.51,2.28,0.66,-0.60,0
-1.03,-0.20,0.94,1.09,0.99,1.66,3.42,3.06,2.70,5.57,5.08,3.81,3.47,2.05,1.28,-1.02,0.55,0.53,-0.86,0.99,0.12,1
-0.11,0.30,2.74,0.96,4.59,7.62,6.19,5.73,1.41,1.20,2.52,2.02,0.63,0.74,1.60,0.84,-1.23,0.70,-0.12,-0.62,0.98,0
0.72,0.16,-0.13,0.79,0.01,-0.13,1.51,0.50,0.92,3.46,5.26,4.37,4.39,2.85,3.03,3.97,1.54,0.75,1.01,1.29,-0.23,2
0.45,0.03,-0.96,-2.38,0.36,1.70,1.30,1.95,2.47,3.33,4.78,3.37,3.64,3.96,4.01,2.72,1.35,3.37,1.62,-0.12,-1.60,2
-0.02,0.79,-1.32,-0.17,0.95,2.31,0.12,1.00,0.26,1.69,1.72,2.97,2.20,4.61,6.44,4.66,5.46,3.55,1.55,0.67,0.27,0
0.74,0.91,0.90,1.69,3.48,3.75,5.29,4.05,3.31,5.81,2.16,5.23,2.76,1.07,0.32,-0.85,1.70,1.45,-0.74,0.49,1.35,1
0.55,-0.79,0.62,-0.34,-0.89,-0.47,0.76,2.69,3.58,3.18,3.57,3.95,3.03,5.44,3.49,2.55,1.30,1.91,1.30,1.50,1.47,2
-0.19,1.57,0.10,-0.54,0.12,1.19,2.21,-0.33,1.95,4.02,4.54,5.13,4.26,1.75,4.96,1.02,1.02,1.20,0.95,-0.77,-0.15,2
0.08,1.83,2.13,5.75,4.72,5.40,5.86,5.09,3.76,3.34,3.72,1.95,1.17,-1.48,-1.32,0.76,-1.40,0.07,-0.68,0.32,-0.24,1
0.79,0.86,-0.68,-0.92,-1.60,-0.11,2.09,2.18,4.40,5.69,4.87,5.55,5.16,3.20,1.73,0.24,1.39,-1.42,-0.25,-1.83,0.70,1
-1.28,1.03,0.38,0.67,2.87,0.40,2.42,1.55,2.24,1.13,0.56,4.12,2.13,3.23,3.27,2.22,2.82,-0.13,1.23,-0.82,-0.33,0
-1.25,2.03,-2.25,0.48,-1.13,0.84,0.22,4.18,4.45,4.50,5.95,5.29,3.82,3.47,1.99,0.64,0.71,-2.95,-1.72,-0.32,0.35,2
0.67,0.59,0.26,-0.34,-0.19,1.07,-0.66,-0.02,0.76,2.57,4.75,3.89,3.34,3.67,5.66,3.81,4.23,2.11,1.06,0.27,0.58,2
-0.24,-0.73,0.12,1.46,2.68,5.14,4.40,3.02,3.53,4.94,3.57,2.69,1.15,0.84,0.96,-0.28,-0.73,-1.03,-0.49,0.68,0.05,1
-0.42,0.37,-0.18,2.25,0.42,-0.16,1.24,2.76,4.30,4.47,6.78,5.78,2.99,4.35,3.88,1.18,-1.37,0.52,-0.72,-0.13,0.77,2
1.68,-0.38,0.32,0.90,-1.13,2.88,1.52,0.02,2.01,0.80,2.53,1.79,3.48,4.95,5.64,5.96,2.56,3.80,1.59,1.18,-0.79,0
1.23,-0.48,0.70,0.06,0.51,-0.42,0.87,1.18,0.87,3.76,5.74,3.52,3.16,5.51,4.25,1.69,1.23,1.78,2.95,0.07,-0.33,2
0.36,0.82,1.26,1.82,1.86,1.61,2.36,0.81,1.77,2.53,2.75,2.87,3.37,2.23,5.16,5.43,2.98,4.22,2.27,0.97,-0.86,0
0.12,0.74,-1.08,-0.03,-1.70,-1.74,0.85,1.36,-0.83,2.39,2.52,3.42,6.13,4.18,7.16,1.99,4.58,4.24,-0.21,0.24,0.43,2
-0.91,-0.47,0.65,0.74,-0.24,-0.19,2.44,2.35,1.64,0.79,0.53,3.16,5.25,1.85,5.55,3.86,3.63,2.80,1.51,0.47,0.36,0
-0.88,0.51,0.51,0.64,0.71,-1.33,-0.20,0.48,0.51,1.66,1.32,4.89,3.38,5.64,5.27,5.89,2.71,3.92,0.23,1.15,-0.09,2
-0.63,-0.58,1.36,1.85,0.98,0.44,1.91,1.50,1.37,1.16,1.72,2.48,3.48,3.02,3.88,2.95,3.37,1.58,-0.74,2.03,-0.33,0
1.23,1.31,1.16,0.07,1.66,0.65,2.01,1.79,2.31,2.91,3.18,4.34,4.07,4.51,3.61,4.02,1.00,2.45,0.09,-0.14,-0.78,2
-0.10,-0.07,-0.21,1.73,-0.68,-1.09,1.25,1.13,-1.66,2.26,2.61,3.30,3.36,5.06,5.91,6.05,1.19,0.42,3.33,2.30,-0.51,2
0.55,-1.26,0.64,-0.93,-0.08,0.85,-1.05,1.45,2.21,2.16,4.50,3.62,3.28,3.04,4.12,3.66,1.50,1.44,1.92,1.49,-0.30,2
-0.68,-0.96,0.12,0.08,-0.34,1.02,0.43,3.65,2.84,2.72,4.83,4.98,4.65,1.29,3.54,4.38,2.42,1.92,1.32,2.05,-1.59,2
0.25,0.70,4.14,1.24,4.36,4.93,5.60,5.50,4.58,3.51,-0.03,0.63,0.79,0.47,-1.11,1.27,0.24,1.82,1.10,-0.94,0.22,1
-0.19,1.21,1.95,2.82,3.37,4.26,6.37,3.41,2.18,1.90,3.37,0.13,1.83,1.88,1.01,0.74,0.24,-0.41,0.58,1.84,0.07,1
1.51,-0.88,1.61,1.47,0.60,2.12,2.75,4.48,4.93,4.11,5.22,4.60,1.75,1.17,1.50,1.29,-0.96,-0.68,0.40,-0.25,-1.31,1
0.89,-0.61,0.18,2.46,-0.43,1.13,1.35,3.04,4.48,4.17,5.15,4.53,4.62,4.37,2.27,1.75,1.11,-1.87,-0.37,1.67,0.59,2
0.32,-0.78,0.47,1.65,1.42,2.76,3.20,3.20,2.43,0.32,2.67,1.94,2.57,2.27,2.24,2.83,0.45,0.84,-0.59,-0.29,0.32,0
0.37,0.44,1.32,2.31,2.20,0.40,2.43,3.88,4.41,3.67,4.27,4.47,2.18,2.45,-1.28,1.36,-0.30,0.90,-0.51,0.31,0.01,1
-0.97,2.05,1.00,2.00,1.59,3.26,5.11,4.98,3.12,4.13,2.68,1.81,1.86,0.63,1.10,1.08,0.62,-1.02,-0.52,-1.76,1.26,1
-0.81,-0.36,3.08,3.45,3.41,4.99,4.51,4.04,3.60,3.24,2.67,2.83,-1.08,-1.22,-0.61,0.16,0.14,1.04,-1.89,0.81,-0.27,0
-0.81,0.20,1.88,1.45,3.47,2.96,5.51,4.42,4.52,2.51,2.71,0.91,1.96,-0.58,1.80,-0.68,-0.53,1.99,-0.42,0.18,1.29,0
-1.79,-0.05,1.03,3.34,3.51,2.05,4.07,2.24,3.71,1.54,1.41,1.30,-0.04,1.82,2.21,2.91,1.74,-0.17,-0.27,-1.56,0.44,0
1.06,0.66,0.15,1.36,-2.14,1.62,-0.61,4.11,1.71,3.69,4.04,6.06,3.93,5.35,3.13,2.67,3.59,0.70,0.07,-1.09,-1.03,2
3.31,0.29,1.60,-1.46,-1.16,1.06,-0.98,-0.87,3.22,3.17,3.21,2.53,5.38,2.65,4.88,4.89,2.67,1.46,0.79,-0.08,1.32,2
-0.71,0.15,0.85,-0.21,0.77,0.92,1.00,5.47,4.07,4.54,2.89,4.50,4.62,2.97,2.24,1.62,0.30,0.08,-0.09,0.81,-0.49,1
-0.83,-0.10,1.62,-1.39,0.78,0.06,1.99,-1.11,1.23,1.19,2.26,3.62,1.59,4.91,4.32,3.50,3.62,2.31,-0.45,-0.12,-0.16,2
-0.14,-0.26,-0.67,0.73,-0.13,1.05,1.49,-0.46,-0.33,2.23,1.02,2.91,4.70,4.84,4.21,4.16,2.52,1.41,2.13,2.46,-1.02,2
-1.60,1.41,-1.31,1.88,2.40,2.42,3.85,4.03,3.42,5.80,4.82,4.61,1.25,2.16,0.69,0.71,-1.28,0.51,-0.24,-0.04,-1.20,1
0.59,-0.65,1.84,2.68,0.82,2.21,3.77,0.47,1.96,1.80,1.06,2.35,4.51,3.32,2.34,2.86,2.44,2.37,2.33,0.24,-0.82,0
0.35,-0.29,-0.21,-2.05,-0.55,1.22,3.09,3.37,4.01,5.72,3.68,3.46,4.15,3.52,0.96,1.32,-0.40,-0.46,2.95,1.30,0.78,2
0.91,-1.83,1.53,0.59,1.44,3.21,2.59,3.79,3.01,2.11,1.58,-0.72,1.88,2.47,3.66,1.41,2.80,0.36,1.58,-0.14,0.45,0
1.90,0.24,1.22,2.24,1.92,1.18,5.09,3.67,1.42,1.78,-0.11,1.76,0.54,0.62,1.14,1.48,3.21,0.08,-0.48,1.36,-0.72,0
-0.73,0.33,-0.81,-0.26,-0.45,0.39,-0.70,0.76,2.02,1.37,2.20,2.85,4.67,5.25,6.76,5.24,3.61,1.99,-0.41,2.19,-0.57,2
-0.60,0.27,-0.21,0.65,1.10,0.68,1.91,0.85,-0.82,0.25,0.99,2.86,5.59,1.97,5.69,4.35,4.91,1.74,0.57,-0.46,0.44,0
1.59,0.35,0.92,0.82,-1.63,-0.77,-1.31,1.38,0.87,1.55,1.04,2.89,3.56,4.77,7.41,4.27,6.61,2.47,2.01,1.36,-0.48,0
-1.10,0.48,1.25,0.36,-0.95,-0.75,0.61,3.21,2.79,1.94,3.89,2.91,4.18,3.14,2.12,2.91,1.90,0.15,1.26,-0.06,-1.52,2
0.42,-0.37,-0.91,-1.92,0.38,0.46,1.36,1.74,1.96,3.70,6.82,4.77,4.60,3.89,2.46,2.39,2.46,0.28,3.47,-0.60,-1.00,2
-0.29,0.58,1.13,-0.92,2.32,0.41,-0.59,0.08,-0.85,1.17,2.70,3.60,4.11,4.38,4.87,2.44,3.26,2.66,2.28,1.23,0.61,2
0.95,-0.79,1.64,2.23,4.72,2.83,5.75,4.06,3.47,4.63,2.89,3.08,0.33,0.16,0.67,0.20,-0.34,-1.11,1.58,0.68,-0.65,1
-0.99,-0.56,-0.06,-1.86,0.53,-1.72,1.05,1.92,2.27,2.90,4.87,4.31,5.09,3.62,2.72,-0.71,2.78,2.31,1.92,0.31,-0.61,2
-1.11,1.13,1.41,1.70,-1.69,0.86,1.19,1.57,2.49,3.56,4.17,3.94,5.09,3.78,3.87,3.68,1.42,0.44,0.97,0.96,1.48,2
-0.73,-0.15,0.19,-0.90,0.84,2.28,4.00,1.22,3.49,4.37,5.16,4.22,3.90,3.57,2.23,-0.69,-1.05,0.61,1.29,-1.12,-0.77,1
-0.40,0.52,3.01,2.40,4.43,3.41,4.21,5.09,2.93,2.61,1.15,0.79,0.36,2.20,0.61,1.91,-0.02,2.48,0.75,0.24,-0.08,0
1.27,1.25,0.04,4.49,3.97,4.58,6.10,4.64,4.26,3.93,1.37,1.15,-1.04,-0.24,1.26,0.00,2.04,-0.29,-2.15,-0.16,0.00,1
-0.25,0.08,0.04,-0.27,-0.16,0.44,0.49,-0.43,1.31,1.93,3.25,2.51,5.14,3.14,5.20,2.36,2.61,2.87,0.53,0.43,0.20,2
-0.03,0.76,0.38,1.69,-0.69,0.80,3.00,2.11,3.25,6.14,4.81,3.56,1.66,3.01,1.22,0.36,-0.45,0.06,-0.06,1.38,0.54,1
-1.67,1.78,0.86,-0.51,0.75,0.32,0.93,3.55,3.84,5.44,5.58,5.37,5.41,4.99,3.84,2.92,-0.58,-1.44,-0.90,0.46,-2.07,2
0.69,0.98,1.99,2.13,3.37,6.43,6.22,5.30,3.58,1.59,0.48,1.53,1.16,1.27,-0.07,0.24,0.25,-1.10,0.54,0.46,-0.03,0
