| The first 300 instances of waveform.data
-0.23,-1.21,1.20,1.23,-0.10,0.12,2.49,1.19,1.34,0.58,1.22,2.30,4.65,5.82,4.91,3.16,2.25,4.01,0.82,2.28,1.01,0.09,1.22,-0.23,-0.14,1.11,0.02,-1.32,-0.11,-0.47,-0.63,-0.86,-0.70,0.51,0.34,-0.13,-0.87,0.56,-0.53,0.29,2
0.38,0.38,-0.31,-0.09,1.52,1.35,1.49,3.81,2.33,1.34,1.45,3.70,3.08,5.01,3.27,3.40,2.23,2.56,2.15,-0.90,-0.37,-1.78,-0.40,0.45,-1.32,0.40,0.13,0.11,-0.78,2.36,0.31,1.28,1.40,0.00,-0.18,0.71,0.04,0.91,-0.79,0.22,0
-0.69,1.00,1.08,1.48,2.44,3.39,3.09,4.08,5.48,3.61,0.47,1.68,2.35,-1.04,0.63,-0.87,-0.80,0.63,0.35,-0.10,-1.42,2.14,0.57,1.21,-1.64,0.20,0.07,0.64,0.41,-0.12,0.93,0.29,1.12,0.60,0.28,2.17,0.18,-0.09,-1.33,1.00,1
0.40,0.68,0.27,1.39,1.03,-0.32,-1.23,-0.50,0.11,0.87,1.27,4.41,3.51,4.88,4.66,5.71,2.72,0.95,1.94,0.47,-0.47,1.21,1.12,0.57,1.12,0.12,0.10,0.20,3.10,-0.34,1.18,0.43,-0.30,-0.07,-0.99,-0.75,1.11,1.35,-1.63,0.10,0
-0.81,1.59,-0.69,1.16,4.22,4.98,4.52,2.54,5.60,4.66,4.25,1.58,2.51,2.40,1.82,0.34,2.09,0.29,-2.47,2.47,-0.25,-0.66,0.75,0.19,0.31,0.21,1.19,-0.55,-1.43,-0.29,-0.07,0.62,0.14,1.33,-1.87,1.48,-0.02,-0.58,0.93,0.40,1
0.59,0.77,-0.61,1.00,1.80,2.08,2.16,3.59,4.08,3.63,4.27,4.43,3.45,2.47,3.64,0.14,-0.07,0.32,-1.09,-0.03,-0.19,-0.50,-1.22,-0.42,-1.27,-0.62,0.34,-0.58,2.23,-0.65,-0.15,1.23,-0.29,-1.62,0.19,-1.04,0.43,-1.82,-1.14,-0.23,1
-0.15,0.13,2.27,2.39,4.00,6.14,5.36,4.08,3.81,3.89,2.46,1.78,-1.43,0.70,1.08,1.90,-1.00,-0.31,0.37,1.30,-0.18,0.28,-0.61,1.23,-0.19,-2.05,0.14,1.53,-1.17,0.84,0.40,0.25,-0.78,-0.12,-0.35,0.44,0.31,-0.45,-0.23,0.27,0
-0.30,-0.42,0.25,-0.61,-1.39,-0.60,1.71,4.01,2.96,5.81,6.56,5.69,5.46,2.72,1.27,2.12,1.79,0.20,1.19,0.25,1.40,0.04,0.56,0.26,2.06,-0.63,-0.19,-0.74,0.15,0.68,-0.60,-0.00,0.28,0.61,-0.40,-1.96,1.26,-0.72,2.01,0.95,2
-1.45,2.71,3.04,3.21,4.26,5.01,6.24,5.09,3.95,4.84,2.15,-0.30,1.53,-1.19,-1.35,1.42,0.01,0.98,-0.00,-0.22,0.70,0.13,0.63,0.37,0.81,-0.04,0.54,-0.68,1.07,0.06,-0.40,-1.18,0.07,1.91,-0.15,-0.27,1.90,1.14,-0.05,0.04,0
0.28,0.97,-1.01,-2.34,-1.89,0.54,0.05,2.05,2.38,3.66,3.09,5.12,4.14,3.70,3.89,3.86,4.91,2.70,2.18,1.17,-0.10,0.36,0.19,-0.92,-0.83,-1.15,0.29,0.17,-0.86,0.78,0.91,-0.12,1.52,-1.52,-0.16,-0.41,-0.48,-0.37,0.80,1.30,2
-1.09,-0.44,1.15,0.17,2.10,3.77,2.40,5.16,5.13,3.66,2.42,2.83,1.02,1.26,0.88,0.10,-0.55,-0.38,0.96,-1.10,0.94,-0.87,1.37,-0.16,3.17,-0.26,0.13,0.08,1.26,1.58,1.33,-0.24,0.77,0.95,-0.43,-0.05,0.76,0.44,-0.70,1.08,1
0.50,-1.23,-0.09,0.31,2.22,-0.02,2.24,-0.07,1.98,2.27,4.94,3.97,3.85,3.19,5.06,3.03,3.24,1.09,3.17,0.58,2.36,-1.26,0.67,0.48,1.03,1.61,1.29,-0.32,-0.40,0.05,1.01,-1.18,-0.52,-1.41,-3.49,1.74,-0.37,-0.25,-0.63,0.20,2
-0.23,-0.44,1.04,0.38,0.53,-0.95,0.97,1.57,1.48,4.88,4.70,4.73,5.38,4.65,2.88,0.71,-0.71,0.35,0.67,0.05,0.86,0.28,0.35,-2.03,-1.05,-0.30,-0.72,-0.74,-0.67,-0.35,2.22,-0.97,0.78,0.09,-0.70,1.12,-0.32,-0.43,-0.34,-1.04,2
-1.20,-1.04,-0.06,1.24,-1.41,0.30,1.23,3.20,3.53,3.25,5.93,4.94,5.79,3.47,1.96,3.28,-0.05,1.18,-1.89,0.23,0.31,-2.38,-0.50,-1.31,-0.69,0.58,1.02,-1.81,-0.50,0.67,-0.44,0.35,0.25,0.29,-0.73,-0.02,2.14,1.49,0.02,-2.16,2
-0.53,0.80,0.10,0.25,0.59,-0.38,-0.13,0.31,0.66,2.79,3.31,3.46,4.06,4.04,4.28,3.98,4.51,1.82,2.32,0.58,-0.11,-0.63,0.48,0.45,-1.96,0.36,0.54,-0.60,-0.75,-0.30,-0.35,-1.43,0.59,-1.23,-0.42,-0.16,-1.42,0.53,1.07,-0.55,2
-0.17,-0.27,-0.46,2.09,-1.32,0.88,2.20,2.13,2.04,3.54,4.04,5.12,5.06,2.54,4.91,1.90,2.18,1.17,-0.10,0.64,-0.01,-0.02,-0.75,-1.31,1.10,0.50,0.68,0.32,-1.19,-0.74,-0.43,-0.49,0.08,0.57,-0.63,0.43,0.18,-0.20,1.25,1.88,2
0.58,1.69,-0.77,0.36,0.37,0.49,0.87,1.67,1.64,2.29,5.70,5.64,4.20,3.62,3.48,2.27,1.72,2.58,1.87,-0.54,-1.98,-0.46,0.48,0.21,2.26,-0.49,0.22,-0.07,-0.55,-0.63,1.04,-1.03,-1.72,-0.09,0.43,-0.33,-1.66,-0.73,1.45,2.11,2
-1.06,-1.26,-0.87,0.83,-0.38,-0.35,1.00,1.38,1.59,3.01,4.67,3.71,2.54,4.71,5.07,2.89,3.19,1.78,2.19,1.56,0.45,-1.19,-0.71,-0.10,-0.95,0.70,0.07,-0.58,-0.27,-1.44,1.19,1.79,-0.01,-2.63,-1.91,0.59,0.80,0.35,1.58,-0.98,2
1.86,1.31,1.27,1.55,2.59,2.82,3.78,4.89,4.27,3.64,5.60,3.20,1.04,0.03,0.51,2.25,-0.73,1.61,0.49,-1.87,-1.29,-1.40,1.81,-0.80,0.99,1.18,-1.61,1.17,1.62,-0.44,-1.05,-1.17,-0.47,0.75,-2.19,0.09,-0.96,-0.38,1.13,-1.53,1
0.15,1.01,-0.18,0.68,1.61,1.83,1.66,2.22,2.90,2.80,1.62,2.96,3.07,3.33,4.33,2.98,1.65,1.66,0.45,1.83,2.44,-0.71,0.62,-0.16,0.05,0.92,0.23,0.18,-0.71,-1.07,0.95,-0.44,-0.09,-1.66,-1.13,0.70,-0.12,-1.96,-0.86,0.40,0
0.25,-1.42,-1.39,2.87,0.56,2.03,1.12,1.28,1.97,5.59,6.16,5.66,3.07,3.31,1.21,0.13,-0.47,1.26,-1.94,1.29,-0.01,-0.52,-0.16,0.46,0.52,0.06,0.56,-0.94,0.28,-0.51,0.61,0.90,-1.14,1.03,0.79,1.12,1.46,1.05,1.62,1.33,2
0.49,0.08,0.14,0.45,2.66,2.34,2.55,0.44,1.67,1.63,1.66,1.53,2.82,3.33,4.31,2.05,1.64,0.53,0.45,0.32,1.78,-0.29,0.31,-1.22,-2.15,-0.94,0.53,1.17,-1.26,-0.29,0.64,-0.21,1.00,0.66,0.61,-1.13,-0.16,-1.52,-1.35,-0.74,0
-0.53,2.45,-0.22,3.77,2.97,2.51,4.76,4.51,3.03,2.23,1.52,2.16,1.35,1.66,1.77,1.60,1.01,1.74,0.50,-1.59,-1.14,0.30,-0.06,-1.12,1.15,-0.03,-0.07,-1.84,-0.03,0.59,0.58,0.05,1.48,0.04,1.10,0.62,-0.57,-0.64,-0.69,0.83,0
-1.22,1.78,1.56,0.69,-0.57,-1.49,0.80,2.20,3.15,1.41,5.40,4.84,6.03,5.24,4.93,2.97,2.54,2.34,-0.26,1.67,0.32,0.32,-0.82,0.79,-0.26,1.15,1.18,0.73,0.42,-0.67,0.69,1.24,-0.36,0.52,-0.20,0.87,0.03,0.42,0.97,0.69,2
0.66,-0.02,1.62,1.42,4.45,5.81,5.65,3.74,2.06,3.68,2.57,-0.02,0.34,-1.69,-0.84,1.11,-0.61,0.10,0.15,0.62,1.22,1.19,0.79,-1.17,0.69,-0.05,-0.22,0.02,-0.15,-0.60,0.71,-0.32,1.60,2.46,0.03,-0.50,0.11,-0.83,0.15,-0.55,1
1.00,1.62,1.03,2.16,1.36,3.28,3.16,4.30,4.59,4.43,4.06,3.29,0.61,-0.39,1.15,0.12,-0.70,1.02,1.48,1.98,-0.16,1.62,-1.49,-0.37,1.31,-1.19,-0.68,-0.35,0.49,-1.81,-0.03,-0.12,1.58,0.19,-1.34,0.75,-0.72,0.05,-0.56,0.18,1
0.05,-0.19,-0.20,-0.03,0.94,2.32,1.83,3.10,3.41,3.03,5.31,5.80,5.66,5.40,2.18,1.11,0.71,1.15,1.41,0.24,0.04,0.16,-0.57,2.05,0.42,-1.81,0.47,-0.28,1.13,-0.81,1.25,0.59,-2.12,-0.66,-0.76,1.73,-0.68,0.83,-0.59,0.24,2
-0.76,-0.99,1.09,1.32,3.54,5.75,5.41,4.03,5.10,1.81,0.85,1.97,0.48,0.02,1.93,-0.12,2.02,-1.27,0.42,0.93,-1.10,0.36,1.45,0.48,-0.96,0.28,1.47,0.61,1.50,-0.62,1.19,-0.86,0.20,0.03,0.88,-0.35,1.00,0.01,0.93,1.08,0
1.56,1.65,2.23,0.37,0.39,2.86,4.61,1.98,1.08,0.84,1.82,2.75,1.53,1.91,2.68,1.73,2.34,1.96,1.67,1.46,-0.07,-1.21,1.94,-0.86,0.63,1.17,-0.43,0.28,0.24,0.49,-0.17,0.02,-0.00,-0.20,0.28,0.27,-1.94,-2.53,-0.71,1.71,0
0.79,0.75,0.45,1.16,1.47,1.78,2.48,2.64,0.87,-0.03,0.41,2.66,2.42,2.47,2.02,2.51,2.60,1.11,1.30,0.09,0.33,0.42,0.07,1.89,-1.52,1.69,1.28,-0.70,2.48,-1.37,-1.38,2.86,-0.83,-0.13,0.54,0.47,-1.36,-1.86,-0.77,-2.22,0
1.85,-0.12,1.02,-0.47,1.43,-0.79,0.49,0.27,1.27,1.74,2.83,3.14,5.14,5.59,3.82,5.27,3.71,2.19,2.51,1.57,0.91,-0.43,0.87,0.77,0.91,-0.46,-0.70,0.20,0.57,-0.96,0.94,0.36,-1.14,-1.18,-0.59,-1.23,-0.03,-1.78,0.30,-2.08,2
-1.13,-0.62,1.18,0.48,0.81,3.08,4.28,4.07,5.44,3.99,5.32,3.41,2.58,1.57,1.50,0.64,0.07,0.43,-1.71,0.82,1.09,-2.34,0.04,-1.09,0.27,-2.38,1.21,1.68,-0.87,0.28,-0.45,1.25,0.17,0.12,0.91,1.55,-1.06,-0.16,0.06,-2.01,1
-1.54,-1.01,-0.49,0.29,0.88,1.09,0.13,0.44,2.44,2.82,3.58,3.61,3.11,1.68,4.11,1.41,3.89,2.77,1.42,-0.18,-1.28,0.73,0.21,0.39,-0.50,0.31,1.69,0.23,-0.02,0.76,0.16,-0.33,1.22,1.14,0.48,0.35,-1.36,0.53,0.84,-0.81,2
0.83,-1.33,0.47,-0.44,0.87,2.19,0.79,2.00,0.06,3.16,2.11,3.03,2.63,3.99,3.32,5.00,2.28,1.05,1.65,-0.52,0.47,-1.26,-0.53,-0.85,0.87,-0.60,-0.75,2.26,-0.12,-0.46,0.87,-0.14,-1.19,0.09,-2.30,1.06,-0.06,-0.39,1.44,1.01,0
-1.49,0.13,-0.26,0.61,-0.78,0.61,1.67,1.52,4.10,4.08,4.98,5.29,2.75,4.80,4.15,3.41,1.76,1.66,0.90,0.72,-0.84,-1.60,0.83,-2.23,-1.56,-0.34,0.17,-0.89,-0.75,0.48,-2.23,0.43,1.31,-0.09,-1.72,-1.65,-2.27,0.80,-0.66,-1.26,2
-1.03,1.09,0.70,-0.14,-0.24,1.95,0.36,-1.99,0.46,2.07,0.95,2.12,4.14,4.59,4.22,6.04,3.56,2.83,3.50,-0.39,0.61,-0.99,1.53,0.33,0.18,-0.63,0.66,1.27,-0.94,-0.17,0.12,-1.20,1.11,-1.30,0.87,-2.14,0.54,-1.52,0.35,0.74,0
-1.38,-0.86,-0.53,1.98,2.12,3.58,6.25,3.33,5.11,4.90,3.34,1.18,0.58,0.87,2.95,-0.85,0.12,-0.72,-1.22,1.96,-0.74,-0.44,0.10,0.57,-0.73,0.98,0.27,0.07,-1.10,-0.03,-0.45,0.21,-0.52,-0.48,-0.93,-0.65,-1.73,-0.13,-0.23,0.89,1
-0.68,0.75,-0.41,2.83,1.42,2.83,1.14,1.20,2.54,1.30,0.64,2.29,3.67,3.99,3.35,3.14,1.55,1.79,0.73,-1.33,-0.49,0.17,-2.20,0.69,0.12,1.17,0.36,-1.65,-1.28,-0.66,-0.56,0.39,-0.60,-0.73,-0.54,-0.64,-0.02,1.49,0.73,0.93,0
-0.42,0.27,2.67,2.96,1.85,3.77,3.07,3.63,5.36,4.82,3.68,2.27,1.11,3.02,-0.13,0.78,0.78,1.07,1.36,-0.33,-0.24,0.19,-0.38,0.36,-0.87,-0.26,1.32,0.76,-0.78,0.18,-0.54,0.38,-1.35,1.08,-0.27,0.30,-0.17,0.17,0.05,-0.38,1
0.55,0.95,0.80,3.14,1.90,1.90,3.87,1.95,2.21,0.43,2.84,0.48,2.84,1.45,2.01,2.83,2.95,2.27,1.02,1.55,-0.62,-0.68,0.01,-1.23,-2.06,0.80,-0.40,2.38,-0.82,0.23,-0.39,-0.11,-1.19,0.39,2.06,-1.67,-0.23,0.57,-0.84,-1.27,0
-1.47,3.21,0.41,0.65,0.39,3.69,2.03,3.51,4.33,5.06,7.09,3.42,2.25,2.47,2.76,0.50,0.21,-1.20,-1.06,-1.12,1.32,-2.24,-1.19,-1.45,-0.34,1.11,-0.08,-0.09,-1.12,-0.02,-0.73,-0.74,-1.94,1.43,-0.31,-0.57,0.83,-1.11,0.17,-2.36,1
0.25,-0.38,0.64,0.57,2.13,1.43,2.69,2.04,2.13,1.44,1.90,2.53,3.16,2.35,1.84,3.51,2.22,1.34,2.11,1.25,1.02,-1.55,0.41,0.92,0.78,0.82,-0.23,0.98,0.15,-1.28,0.01,1.72,-0.36,-1.07,0.47,0.97,0.90,1.90,-0.08,-0.91,0
-0.27,-1.34,-0.50,-0.76,0.14,0.12,-1.01,2.88,0.70,1.93,1.89,4.34,5.21,3.05,3.28,0.48,2.04,1.43,1.92,1.55,0.76,-0.09,1.40,-1.38,-1.16,1.16,-0.37,1.16,-1.41,-0.37,1.07,1.36,0.02,-1.31,-1.70,0.29,1.72,0.30,-1.30,0.62,2
-0.50,0.13,1.99,-2.00,0.46,0.93,3.68,3.76,1.71,5.42,6.64,4.53,4.74,1.65,2.71,0.18,0.95,0.76,1.01,-0.79,0.22,-1.05,1.14,2.28,-2.58,-0.78,-0.34,0.33,-0.81,0.45,1.14,2.17,-1.69,1.53,-0.29,-0.12,0.62,-0.17,0.28,-0.06,2
-0.91,0.46,1.58,0.98,3.88,4.62,3.22,4.57,3.89,3.69,3.96,4.11,1.62,-0.05,0.19,0.36,-0.53,1.51,-0.47,0.43,0.74,0.64,1.48,1.21,0.40,-0.60,0.13,-0.21,0.44,-0.92,-1.06,1.13,-0.15,-1.27,-0.18,0.01,1.03,-0.39,-1.15,0.00,1
-0.22,0.94,0.60,0.96,1.35,-0.30,1.22,0.61,0.58,1.25,1.44,2.80,2.36,3.13,5.21,4.17,4.61,0.83,0.14,1.52,-0.86,-0.47,0.15,-1.65,-1.20,-0.63,0.32,0.62,-1.66,0.86,0.75,-1.02,-1.03,-1.29,-1.08,-0.04,0.58,-0.34,-1.39,0.30,0
1.55,0.36,-2.51,0.52,-1.00,0.43,-0.32,-0.85,-0.49,1.27,3.48,4.01,2.74,5.22,6.24,6.82,2.56,2.09,1.02,3.86,-0.66,-2.53,-0.58,-0.72,1.01,-0.07,1.04,2.35,0.86,-0.58,-0.74,-0.67,-1.31,-0.91,0.12,0.88,-0.32,1.24,-3.51,0.50,2
0.16,0.56,0.24,0.77,0.99,1.33,2.67,4.04,5.53,6.73,4.15,4.43,1.80,2.99,1.64,0.10,-0.63,0.50,0.43,-0.92,-0.24,-0.14,-1.79,-1.01,0.44,-0.24,-0.43,-0.91,0.52,2.03,0.28,-0.73,-0.06,1.22,1.37,0.32,0.66,1.95,0.24,0.95,1
0.45,-0.56,0.89,-0.47,1.91,1.46,3.02,4.34,4.76,4.22,6.92,4.78,1.99,3.22,1.70,0.19,-1.61,-0.29,-1.16,0.12,-1.58,-1.00,1.53,0.78,-1.07,1.01,0.58,-0.33,0.11,0.39,-0.64,0.08,-2.21,-0.09,-0.53,0.46,-0.54,-0.22,-0.59,-0.09,1
-0.40,-0.03,-0.69,-1.47,0.17,-0.51,1.78,2.84,3.26,6.08,3.52,3.21,3.41,3.90,1.97,0.41,-0.49,0.06,-1.91,0.76,1.11,0.82,-0.29,0.15,-0.72,0.68,-0.68,-1.37,-0.31,-1.88,0.69,0.04,0.04,-1.05,-0.03,-1.41,-1.49,0.65,-2.10,-0.53,1
0.76,-0.03,-0.03,0.07,-1.39,1.68,-0.91,2.00,1.12,3.21,3.54,3.78,5.98,3.63,2.44,4.05,1.66,4.07,0.51,1.73,-0.34,-0.83,0.18,-0.10,-0.14,-1.42,-0.92,0.21,2.15,-0.48,-0.57,1.41,1.09,-0.40,-0.51,1.63,-1.39,-1.48,0.25,-1.11,2
-0.97,-1.07,0.16,2.32,1.73,2.15,2.10,3.91,2.22,2.93,1.26,3.03,1.60,3.66,4.05,2.49,2.67,1.46,2.20,1.69,-2.09,-0.13,-0.41,1.84,-0.67,-0.20,0.30,2.05,0.79,0.07,-0.26,-0.84,-0.44,0.42,-0.51,1.40,-1.24,0.94,-0.73,0.15,0
1.24,-0.19,0.36,0.43,-0.36,0.73,2.89,0.98,-0.64,2.39,2.63,3.90,2.53,2.69,4.79,3.40,2.96,2.32,3.02,1.38,0.23,0.34,-0.15,1.07,1.81,0.18,0.46,-0.60,-1.11,0.62,-1.16,0.55,-0.48,1.03,0.90,0.06,0.91,-0.35,0.15,0.11,0
-1.12,0.81,2.97,2.00,1.61,1.23,1.68,1.19,3.41,2.06,4.12,2.61,5.80,4.69,3.90,4.59,3.32,1.77,0.71,0.05,1.76,0.38,-1.04,1.53,1.44,1.49,-1.57,-0.79,1.75,-1.02,-0.12,0.75,-0.20,0.14,-0.31,-0.09,-0.46,-0.16,-2.00,1.08,0
0.84,-0.70,-1.76,1.08,0.41,0.48,2.02,2.25,2.91,5.53,5.92,6.56,3.37,2.97,2.12,2.28,0.17,-1.40,0.27,-0.43,-0.70,0.79,-0.64,0.23,-1.23,0.84,1.82,-1.35,0.81,-1.05,-0.71,0.40,1.44,-1.92,0.16,0.64,-1.56,0.11,0.25,-0.16,1
1.34,0.02,-1.13,0.74,-1.58,0.63,0.91,0.56,2.13,2.62,2.62,2.50,3.74,3.83,4.15,2.61,3.62,1.45,0.09,0.29,-0.44,-0.88,-0.09,-0.70,-1.37,0.14,-0.18,-0.44,-0.95,-1.53,-0.22,-0.35,0.29,0.36,-1.09,0.42,-1.40,-0.88,1.56,0.10,2
-0.59,-2.16,0.67,-0.72,-0.40,0.60,1.62,4.62,2.76,2.69,6.09,4.81,3.48,2.97,0.45,0.09,0.26,-1.47,0.95,-2.27,0.84,-0.70,-1.36,0.46,-0.38,0.48,1.93,-1.68,-0.21,1.92,0.31,-0.35,-2.63,-0.49,0.37,0.65,0.54,1.70,1.06,1.02,1
0.30,-1.23,0.16,-0.88,0.24,1.08,1.48,1.62,3.75,5.12,5.50,5.46,5.32,3.64,2.46,-0.69,0.92,1.43,-0.28,0.86,-0.93,0.76,-0.81,-0.69,-1.49,0.55,0.51,-0.22,0.80,-0.60,-0.76,-1.10,1.44,0.87,-0.47,-0.12,0.10,0.02,-0.89,-0.24,1
2.61,0.59,0.89,0.77,0.51,1.22,1.02,1.92,3.49,4.45,5.59,4.05,3.78,3.12,0.93,1.39,-0.58,-0.66,1.35,-0.59,0.24,-0.89,-0.94,1.41,-1.20,1.91,0.47,1.37,-2.63,-0.94,0.39,0.38,-0.02,1.28,-0.24,1.09,1.20,-0.17,-1.58,-0.13,1
0.48,0.75,0.94,0.08,1.96,3.03,4.01,2.40,2.33,5.20,5.72,5.48,2.77,3.71,1.28,0.24,1.11,-0.92,0.73,0.32,0.96,-0.22,-0.14,-0.60,0.23,-0.48,0.93,-0.00,-1.03,-1.78,-0.94,0.41,-0.16,-0.23,0.97,-1.03,0.04,2.02,-0.04,-1.26,1
-0.34,0.32,0.88,-0.41,-0.45,2.16,1.68,2.52,3.88,5.52,4.00,3.63,5.65,2.47,0.93,1.49,0.24,0.80,1.51,-0.36,0.50,0.81,1.10,-0.60,0.34,0.29,3.39,0.20,1.78,0.33,2.29,1.45,0.97,-1.14,-0.54,2.43,0.94,0.41,-0.29,1.71,1
0.63,0.31,-0.59,-0.37,-0.17,-0.32,-0.10,0.49,0.96,3.48,6.84,4.10,5.51,4.23,4.51,4.59,4.24,1.22,1.83,1.59,0.83,0.77,-0.63,-2.70,0.34,-0.85,0.35,1.48,-0.11,-0.81,0.69,-0.58,-0.92,0.28,0.39,0.92,-0.34,0.63,1.63,0.01,2
-0.13,1.59,0.90,-0.14,0.93,4.06,4.58,4.17,4.24,5.14,5.31,3.98,3.36,2.33,-0.79,1.18,0.11,-0.07,0.24,0.13,0.65,0.19,-0.09,-0.77,0.97,-1.09,0.36,-0.17,2.21,0.04,-0.17,0.18,1.08,1.00,0.71,1.77,0.62,0.16,-0.34,-0.04,1
-0.08,1.22,0.91,4.47,3.51,4.36,6.32,4.01,5.23,2.37,1.46,1.87,-0.08,-1.19,0.23,0.96,-0.08,-0.07,-1.27,0.31,0.28,0.22,0.39,0.93,-0.54,-0.18,0.53,0.62,0.31,0.33,0.11,-0.00,2.70,0.79,0.42,0.38,1.07,0.96,1.87,-1.53,0
0.80,0.92,-0.84,1.50,-1.85,-0.02,1.29,3.14,5.44,3.88,4.56,3.81,4.36,2.13,2.16,1.43,-1.89,-0.95,-1.19,0.29,1.17,0.84,-1.23,-1.03,-0.77,-2.04,2.43,0.62,1.51,0.48,0.85,-0.52,0.39,0.79,-1.18,1.33,0.39,0.44,0.58,1.43,2
0.04,0.09,0.93,1.89,2.86,3.58,3.70,4.70,3.78,0.70,3.23,0.21,1.14,3.09,2.17,2.54,2.09,1.84,0.31,1.11,0.56,2.12,-0.36,-0.80,0.49,0.63,-0.83,2.57,-1.01,-0.01,-1.39,-0.40,-0.18,1.18,0.16,-0.47,-1.71,0.30,-1.39,-0.83,0
-0.44,-0.43,1.20,1.37,1.89,2.08,3.89,5.05,5.11,3.10,2.76,3.23,0.87,2.92,0.83,2.37,0.36,1.35,1.69,1.95,0.22,0.94,0.37,0.62,0.61,-1.51,3.27,2.30,0.52,-2.03,0.92,0.14,-0.19,1.73,-0.22,0.40,-0.34,-0.02,-0.63,-0.45,1
-0.43,0.67,2.20,2.28,1.64,3.19,4.38,5.09,4.54,2.15,1.19,-0.06,-0.93,-0.94,0.78,1.70,-1.35,0.64,-0.58,-0.66,-0.41,1.26,0.84,-1.18,0.85,1.01,0.88,-0.71,-1.57,0.62,0.64,0.70,0.21,0.84,0.62,-0.28,-1.07,-1.23,1.02,0.50,0
-0.63,0.57,0.09,0.19,3.28,3.64,3.65,2.69,2.34,4.11,0.52,1.07,2.77,2.30,1.00,5.97,2.27,2.29,3.50,0.36,0.17,0.01,-0.00,-0.58,0.32,0.77,-1.86,-0.43,-1.34,0.99,2.02,1.08,-0.25,-3.20,-0.49,-1.36,-0.69,1.26,0.74,-0.62,0
-1.45,0.44,2.43,2.52,1.94,3.74,4.74,3.86,5.42,4.02,3.55,1.46,0.48,1.50,-0.08,-1.02,-1.61,-0.21,-0.05,-1.24,-0.28,-0.17,1.21,-0.44,-0.28,1.17,0.16,0.85,0.43,-0.29,0.23,1.61,-2.17,0.72,-1.32,0.43,-0.23,-0.33,0.57,-2.24,1
1.36,1.27,1.49,2.79,1.05,2.08,2.98,3.06,2.50,4.60,4.78,2.89,3.61,1.66,2.17,-0.29,1.62,1.93,-1.19,-0.43,0.32,0.10,0.15,-1.02,-0.36,0.64,0.71,1.24,0.52,-0.70,-0.22,-0.81,0.46,0.17,1.97,0.07,-1.07,-0.04,1.00,-0.75,1
-0.12,0.34,-0.28,-0.20,1.39,2.94,3.01,3.00,3.71,5.42,4.95,3.26,3.47,3.16,-2.06,0.73,0.50,0.46,-1.22,-0.24,-0.53,-0.71,1.63,1.07,0.94,0.59,0.63,-0.85,0.11,1.82,-0.51,0.78,0.22,0.54,-2.88,0.19,-2.45,1.18,1.35,0.64,1
0.27,0.68,0.59,0.49,0.46,-1.73,-0.55,1.59,0.92,3.19,4.50,4.61,4.14,4.76,4.38,4.56,2.35,3.33,0.33,1.38,0.12,1.11,-1.62,-1.26,-0.11,2.13,-1.75,-0.95,0.78,0.03,0.78,-0.15,-1.21,0.53,1.41,-1.27,-0.64,1.86,0.81,1.89,2
0.33,0.29,1.18,3.16,2.86,1.58,2.00,1.40,1.99,2.05,3.02,2.45,4.82,2.32,1.51,2.34,2.76,-0.32,2.79,-0.25,1.33,1.22,0.19,-0.54,2.63,-0.25,0.60,0.03,-0.36,1.05,-2.73,-0.98,-0.33,0.31,-1.20,0.11,1.23,1.43,-0.49,1.34,0
0.15,1.52,1.25,1.82,4.00,3.58,6.94,3.63,3.30,2.49,3.32,1.50,0.78,0.52,0.81,-0.68,1.56,-0.60,-1.50,-0.29,1.74,-1.87,-0.24,0.42,-0.32,-0.34,0.74,-0.20,-1.12,-0.10,-1.07,0.26,-0.86,-0.80,1.35,-1.13,-2.07,0.09,0.05,1.35,1
-1.40,0.14,0.16,1.11,0.34,1.04,-0.75,1.75,-0.63,1.06,1.36,3.47,2.87,3.56,5.99,6.42,3.04,3.29,2.24,-0.81,-0.38,-0.70,0.01,-0.81,-0.98,-0.13,1.33,0.69,0.68,0.40,-1.07,-0.28,-0.03,1.86,-0.62,-0.32,0.45,1.58,-0.52,-0.23,2
0.62,1.80,2.27,2.64,0.92,4.25,4.84,3.14,5.00,1.26,4.29,1.09,0.97,2.30,3.08,1.71,1.65,1.53,-0.34,-0.16,-0.79,0.15,-1.09,0.07,-0.23,1.62,0.80,-2.11,1.68,0.98,0.92,-0.40,1.40,-1.74,0.93,-0.03,1.61,-0.72,-0.30,-0.02,0
-0.04,-0.57,0.50,0.61,-0.66,2.14,2.80,2.90,3.66,6.13,6.15,4.07,3.88,2.16,2.05,-0.00,-0.32,0.64,-0.07,-0.28,1.45,0.97,0.00,0.01,1.04,-0.54,0.10,-0.65,-0.82,0.23,-0.29,0.11,-2.03,-1.91,-0.39,0.29,0.03,1.51,0.47,-0.41,1
0.60,1.20,0.35,0.06,2.08,1.95,2.98,1.48,1.72,1.35,-0.10,2.34,1.26,2.83,4.90,3.21,1.44,2.15,1.48,1.64,-0.61,-0.42,0.58,1.32,0.07,-0.35,0.58,0.95,0.64,0.45,-0.55,-0.59,0.40,0.38,0.07,2.22,0.10,-0.39,-1.46,0.17,0
0.20,-0.03,0.55,-0.44,0.62,2.23,3.31,3.29,3.03,5.43,3.18,3.83,3.13,0.97,0.25,1.87,0.06,0.78,-0.30,1.65,1.77,-0.69,-0.78,0.87,0.56,0.32,0.26,-1.91,1.58,1.07,-0.03,1.10,1.08,-0.58,-0.95,1.48,1.84,0.87,0.01,-0.27,1
0.36,-0.31,-0.79,-1.17,-1.57,1.57,-0.37,1.16,-0.51,1.76,2.35,2.54,3.90,3.91,4.31,4.55,1.41,2.62,0.12,1.43,0.13,2.09,-0.10,1.46,-0.59,-0.83,1.18,0.26,-1.06,0.46,-1.68,-0.37,-1.75,-0.30,0.68,0.68,-1.04,0.72,-0.03,0.70,2
-1.67,0.59,-0.69,0.22,1.13,1.57,3.11,2.53,3.57,6.00,5.83,2.18,2.09,3.93,1.21,0.76,-0.41,1.86,0.40,-1.84,0.53,-0.08,-1.39,0.96,-0.26,0.75,0.54,-1.08,0.74,-2.25,-1.02,-1.22,0.23,0.79,-0.37,-0.01,1.23,0.75,2.02,-0.74,1
1.76,-1.47,1.80,0.61,1.54,1.40,3.04,2.96,2.95,3.26,6.00,4.02,3.08,2.88,1.11,0.38,-0.41,-0.97,-0.13,-0.16,0.99,-0.79,-0.31,2.42,0.38,-0.31,-1.09,-0.44,1.08,0.24,-0.05,-0.69,0.95,1.06,1.94,0.23,1.02,-0.38,0.29,1.04,1
-0.27,-2.44,1.12,1.55,1.62,3.59,4.62,3.64,1.39,3.67,2.51,0.99,0.86,0.43,0.71,1.63,1.77,1.07,1.91,2.01,-0.92,-0.51,-0.94,0.69,-0.11,-1.43,1.56,-1.29,2.02,-0.41,1.46,1.70,-0.34,0.12,-0.85,-0.39,-0.53,0.54,-0.42,1.00,0
-0.18,-1.98,0.01,0.60,-0.11,1.07,-0.08,2.22,2.32,1.36,2.97,5.34,4.26,4.60,6.70,3.16,4.43,0.92,-1.18,1.25,-1.10,-0.69,-1.44,-1.01,1.63,0.00,0.77,0.32,-0.03,0.25,0.68,0.56,0.82,-0.48,-0.59,-0.33,-0.51,-0.41,-0.27,-1.00,2
0.88,2.12,2.67,2.34,5.43,3.75,5.50,3.39,6.25,1.43,2.64,1.80,0.68,0.34,1.15,-1.34,0.81,-0.14,1.64,-0.09,-1.35,0.56,-1.36,0.28,-0.94,-0.63,0.73,-0.75,-0.82,-0.69,-1.56,-0.39,0.80,1.32,0.12,0.78,-0.72,0.08,0.53,1.68,0
1.36,1.56,-0.70,2.28,1.86,2.02,2.07,2.53,3.83,2.86,5.02,3.28,2.59,2.47,0.81,2.14,-1.00,-1.37,-1.58,0.83,0.11,-1.10,0.28,0.01,0.46,-0.63,-0.25,-1.23,-0.20,0.41,0.45,2.19,0.20,-1.91,-0.69,-0.26,0.44,0.50,0.26,1.25,1
-1.50,1.27,1.72,4.16,2.39,3.24,3.17,1.40,3.79,2.66,2.22,0.16,2.57,3.35,1.89,2.48,3.25,1.84,0.95,1.41,0.40,-0.84,0.89,0.33,-0.06,0.98,1.18,-1.98,-0.49,0.24,-0.29,1.21,0.75,1.25,0.47,0.55,0.44,0.23,1.93,-0.33,0
-0.55,0.73,-1.11,-0.24,0.11,0.32,2.46,0.95,1.00,2.17,2.52,4.59,3.03,6.03,4.59,3.50,3.78,1.97,3.11,2.16,-1.09,-0.90,-0.31,0.06,-0.25,0.88,0.77,0.72,0.55,1.31,0.19,-1.11,0.22,0.37,0.90,0.79,-0.14,-0.08,0.61,0.14,2
-0.34,-0.37,1.36,0.44,-0.64,0.82,1.52,-1.71,1.25,0.15,2.54,3.53,5.11,6.05,5.61,4.14,3.67,3.03,2.01,1.80,0.07,-0.85,0.30,0.38,0.85,-0.20,-1.27,0.14,-0.64,-1.11,-0.83,-0.81,-0.18,0.33,-0.93,-1.80,-0.38,-2.11,0.51,-0.33,2
-0.48,1.69,1.78,1.52,1.59,2.47,2.28,3.69,4.84,4.86,4.55,4.13,0.50,0.82,0.50,-0.49,-0.03,1.29,0.85,0.15,1.03,-0.55,2.05,-0.04,0.35,-1.25,0.63,-0.45,1.60,-2.09,-0.89,-0.14,1.07,0.20,-0.93,0.98,-0.41,-0.75,1.00,-0.54,1
-0.72,-0.67,1.27,1.62,1.51,1.75,4.52,5.21,4.87,4.43,2.80,2.05,1.29,2.98,1.07,-0.18,-0.20,-1.19,-0.13,-0.42,0.34,-0.18,1.35,-0.08,1.69,-0.97,-0.73,0.93,2.27,0.94,-1.08,-0.39,1.51,0.43,0.81,-1.64,0.51,-1.16,1.46,-1.47,1
0.02,1.09,0.32,2.83,0.43,1.03,4.68,2.86,4.85,4.95,4.89,3.43,1.58,0.85,0.61,0.99,0.39,-0.72,0.27,1.62,-0.45,-0.39,-1.25,0.90,0.56,-0.47,-2.01,0.39,-1.13,0.26,0.01,0.84,1.46,-0.27,0.32,-0.22,-0.88,-0.32,-0.07,-0.57,1
-0.27,0.90,1.15,0.31,1.13,1.97,3.58,2.04,4.23,2.70,3.32,1.96,1.93,0.81,1.64,2.10,2.19,0.58,0.19,-0.23,-1.53,-0.57,-1.14,-0.75,-2.46,-1.24,1.59,-1.10,-0.58,-0.67,-1.87,-1.16,-0.23,-0.25,-0.42,0.79,0.36,0.71,-1.09,0.86,1
-2.52,1.34,1.26,-1.49,2.84,1.62,4.52,4.07,2.25,0.97,-0.20,2.94,3.83,1.65,3.01,2.93,1.85,1.40,2.39,0.18,0.92,0.23,-0.25,-0.10,0.39,-0.85,-0.85,-1.29,0.13,0.12,0.44,-1.73,0.58,-1.04,-0.12,-0.50,0.78,0.12,-0.05,-1.22,0
0.34,1.95,1.15,3.06,2.83,3.37,4.73,4.88,5.05,2.26,1.85,1.76,-0.38,0.15,-0.59,2.21,0.04,1.60,0.51,-0.91,1.60,-0.82,0.24,0.78,-1.01,0.11,0.37,-0.03,0.38,1.80,0.84,0.00,0.84,-0.18,0.12,-0.27,0.15,0.52,-1.59,-0.01,1
-0.10,-0.04,-0.19,-0.77,-2.58,-0.61,3.22,1.85,5.80,3.47,5.71,4.89,6.12,3.97,2.89,0.27,0.52,-0.07,0.88,0.00,-1.58,-2.50,-0.39,-0.57,-1.66,-0.16,-0.01,1.27,0.42,-0.20,1.06,-0.36,-0.23,0.86,0.88,0.33,0.72,2.54,1.53,-1.09,2
0.45,0.33,0.59,0.57,1.87,0.49,3.05,4.14,5.01,3.25,4.69,4.22,3.91,2.02,1.41,1.04,0.71,-1.30,-1.77,-0.10,-0.46,-1.65,-0.23,-1.36,0.27,-0.22,-0.35,1.56,-0.83,1.18,-0.45,2.06,0.62,1.31,1.85,0.08,-1.33,-2.55,0.16,-1.70,1
1.31,1.22,0.86,0.97,1.47,3.09,5.04,2.71,3.70,1.77,1.90,2.96,1.51,2.29,2.24,2.38,1.79,0.73,0.39,0.88,-1.22,0.44,-1.12,-0.21,1.52,-1.58,0.53,0.06,1.63,0.97,-1.17,0.41,-0.50,0.21,0.24,-0.94,0.02,1.63,-2.95,1.19,0
-1.43,1.00,-0.27,-0.30,2.15,0.09,1.25,3.60,2.94,3.48,4.86,5.71,3.68,3.32,1.78,3.53,1.00,0.58,-0.78,-1.51,-2.00,-0.08,-0.45,0.13,-0.14,0.43,0.29,2.07,0.07,0.39,-0.45,1.85,-0.23,1.72,0.88,0.58,-1.62,-0.21,0.15,0.47,2
0.31,0.87,1.02,4.10,5.66,5.41,5.03,3.80,5.05,3.45,3.74,-0.26,1.84,1.83,1.84,0.29,-0.55,0.76,0.09,0.99,-0.57,-1.03,0.07,0.39,0.44,0.79,-1.89,-1.41,0.89,0.89,-0.51,1.53,0.61,-0.41,-0.47,0.81,2.04,2.56,0.80,-0.28,1
-1.42,0.14,0.18,5.18,3.39,4.57,5.73,4.69,3.41,2.60,2.91,1.01,1.67,-0.54,-0.84,1.71,-0.39,-0.77,0.76,-1.07,0.09,-0.58,0.27,-0.15,0.02,0.36,-0.60,1.36,0.15,-1.92,-0.77,-1.06,-0.05,-1.94,1.04,0.64,-0.56,0.58,1.01,-0.38,0
-1.83,1.53,0.44,2.75,2.39,2.85,2.67,2.95,4.08,2.23,3.06,3.82,1.99,3.59,2.31,4.23,1.62,3.11,-0.92,-0.63,1.95,1.14,0.73,0.87,0.83,-0.20,2.70,0.42,-0.14,-0.88,1.20,0.40,1.09,1.68,2.01,0.75,0.32,-0.12,-0.69,0.28,0
-0.03,0.05,2.25,1.30,2.44,1.44,4.12,3.79,4.17,3.93,4.63,3.22,1.52,1.72,0.66,0.99,-0.34,0.04,0.02,0.25,1.22,1.10,1.39,-0.75,-0.60,-0.14,-0.07,-0.75,-0.11,-0.67,-2.09,1.03,1.29,-0.65,-0.57,2.09,0.15,-1.23,2.15,-1.23,1
0.15,0.25,0.10,0.66,0.91,-0.06,1.38,2.19,2.41,3.52,6.30,5.83,4.59,4.38,3.97,2.14,-0.37,0.78,0.35,0.83,0.14,-0.03,-0.21,-1.24,1.49,-0.80,-0.53,0.65,0.48,1.65,1.10,-1.18,0.42,0.47,1.55,-0.79,-0.71,0.68,-1.88,0.76,2
0.17,0.98,-0.15,-0.90,-1.09,0.27,0.90,1.96,-0.59,1.87,1.86,2.82,4.04,6.66,4.76,4.01,5.19,3.03,1.23,1.05,0.05,-0.00,-0.86,1.98,0.58,-0.48,-0.15,1.86,-0.07,-0.22,-0.89,-0.14,0.98,1.15,0.29,1.02,-0.22,0.22,-0.86,-0.10,2
0.01,0.16,0.12,0.36,-2.09,1.10,1.82,3.05,3.39,3.45,5.72,5.28,5.26,5.11,1.81,1.67,0.18,1.34,1.19,-0.47,-0.67,-0.63,-0.67,0.14,0.35,-0.71,0.46,0.11,1.48,0.36,0.37,1.03,0.56,0.13,0.88,-0.24,0.99,0.85,-0.29,0.73,2
1.18,-0.00,-1.26,0.07,0.63,0.54,0.20,0.87,-1.55,1.86,3.36,3.63,3.73,5.15,5.63,4.12,2.96,3.02,1.45,0.77,-1.00,0.73,0.06,0.59,-0.84,-2.19,-0.24,-1.16,1.03,1.02,0.07,0.55,0.02,0.12,0.05,-1.29,-1.58,-0.48,-0.78,0.69,2
1.48,1.73,-0.41,1.03,2.48,0.56,1.10,3.34,1.87,1.70,2.72,1.44,2.87,2.23,2.08,3.37,3.67,3.27,2.39,1.09,-2.35,-0.13,-1.12,-0.49,-0.57,0.77,0.90,-0.25,1.95,0.57,1.23,1.77,-1.31,0.61,-0.50,-0.88,0.11,-0.34,-2.23,-0.00,0
-0.84,1.97,0.81,3.78,1.47,3.12,3.56,1.96,2.17,4.36,0.80,1.51,0.98,1.56,0.65,0.82,1.28,0.08,-0.71,1.12,0.50,1.46,-2.58,0.99,-0.43,-0.91,-0.10,2.23,0.42,-0.04,-1.69,-0.90,-1.38,0.77,0.61,-0.65,-0.71,-2.35,-0.92,0.15,0
0.07,0.22,-0.40,-0.72,-1.23,-1.73,-0.93,-2.15,-1.87,0.98,2.77,1.55,4.03,4.25,7.21,6.07,2.31,1.30,4.00,0.75,-0.31,0.35,1.14,-1.56,1.63,0.49,-0.89,-0.98,1.31,1.50,-0.19,0.09,-0.57,1.21,-1.05,-0.40,-0.14,-0.12,1.61,-0.55,2
-0.36,-0.40,1.85,2.21,3.71,2.58,5.34,4.28,3.27,4.48,3.48,2.11,3.30,0.23,-1.99,-0.60,-1.48,1.38,-1.18,-0.83,-1.69,-0.61,0.36,-0.20,1.09,0.61,-0.16,0.10,0.60,-0.70,0.99,0.20,0.13,-0.62,1.32,1.75,-1.20,-0.53,-0.03,-1.73,1
-0.03,0.86,0.62,1.58,2.64,3.82,3.16,2.15,1.07,1.74,1.56,1.86,2.95,2.66,3.02,3.33,1.41,2.30,1.17,-1.05,-0.30,-0.96,-1.13,-0.28,-0.62,0.73,1.60,0.10,1.85,0.57,-1.36,2.42,2.95,0.24,1.30,1.84,-0.03,0.40,-0.18,-0.71,0
-1.11,-0.65,2.80,0.23,4.17,3.56,4.20,3.93,4.36,2.15,5.15,3.18,3.53,0.65,2.53,-0.33,0.74,-0.75,0.28,2.10,-1.57,0.05,-0.83,0.39,0.11,-0.84,0.78,0.91,-0.15,-0.26,1.73,-1.14,0.22,-0.55,0.03,-0.40,-1.12,-1.23,0.52,-0.46,1
-0.26,0.81,0.21,-0.55,-2.07,0.75,0.57,1.92,3.98,5.37,3.11,4.19,2.97,2.25,3.05,1.91,1.31,2.08,-0.17,-0.85,-0.28,-0.03,-0.64,-0.92,-0.45,-1.02,0.85,-0.01,-0.12,0.09,0.27,-0.07,-1.30,0.48,1.23,0.96,-0.43,0.19,0.81,0.23,2
-1.18,2.28,0.85,0.15,-1.22,2.15,-1.70,-0.32,1.09,1.59,2.48,2.38,2.65,4.78,4.34,4.26,4.04,3.14,-0.21,0.74,-0.38,-0.90,-1.21,-0.91,-2.83,-1.00,-0.16,-0.51,0.51,1.70,-0.55,1.83,-0.13,-1.45,0.47,-0.19,1.25,-1.75,-0.31,1.16,2
-1.39,-0.23,1.04,-2.01,-0.27,-1.11,3.52,2.39,2.96,4.13,6.24,4.72,3.59,3.03,3.35,1.70,2.14,-0.17,-0.73,-0.51,2.90,0.05,-0.79,1.58,0.06,0.47,1.24,0.28,0.12,-0.59,-0.01,-0.82,-0.16,0.32,-1.69,0.76,-0.65,-1.01,-0.48,-1.11,2
0.27,0.11,0.92,0.49,-1.18,0.33,2.86,2.73,3.90,3.63,4.88,4.78,2.14,1.71,2.72,1.72,0.18,2.53,1.90,-1.02,-0.78,1.59,-0.51,0.01,0.34,0.13,0.53,-0.57,0.57,-1.84,-0.18,0.03,0.91,-0.95,-1.21,-0.11,-1.64,0.61,-3.30,1.20,1
0.03,0.11,-0.41,1.88,2.79,4.24,4.84,6.11,3.77,5.04,4.07,2.39,0.16,0.93,0.83,1.76,-2.33,-1.04,0.41,0.81,1.32,-1.69,-0.27,-0.70,-0.12,-0.66,0.40,-0.07,-0.68,0.33,1.29,1.23,0.72,1.24,0.79,-1.43,2.42,-1.45,-1.14,0.12,1
-0.11,-0.67,1.57,2.85,3.05,4.02,6.16,4.60,4.02,2.37,2.04,0.07,-0.26,1.85,-0.38,-1.21,0.58,-1.01,-1.00,0.28,-0.05,-1.88,-1.16,-0.46,-0.13,-1.33,-1.19,-0.75,1.74,-0.75,0.14,0.99,0.55,1.00,1.43,-0.47,-1.01,-0.71,0.86,0.33,1
0.39,1.14,0.74,-0.20,1.18,1.15,3.18,4.08,3.81,3.01,5.89,3.94,3.37,1.95,1.50,0.08,-0.26,0.34,0.62,0.84,0.78,-1.40,0.08,-1.87,0.76,-0.72,0.54,-1.85,-0.86,-0.14,0.01,-1.51,0.18,-0.35,1.29,0.89,0.34,-1.18,-1.61,0.84,1
1.80,2.46,1.19,2.24,1.11,4.40,6.30,5.33,2.12,5.98,3.26,0.90,2.27,1.46,0.69,-0.35,1.03,-1.60,-0.88,-0.48,-0.33,0.22,-0.96,1.63,2.08,0.34,-0.40,-0.95,2.11,2.34,-0.50,-1.68,-0.44,-0.23,0.10,1.27,0.14,-0.19,0.46,1.03,1
-0.36,0.11,0.42,0.55,3.36,2.90,1.75,2.86,2.32,2.73,3.94,0.12,1.96,2.05,4.15,2.21,1.37,0.67,1.00,1.39,-1.04,-0.67,0.21,-1.65,-1.27,0.88,0.56,2.83,0.18,-1.17,-0.33,-0.03,2.38,0.45,-0.21,-0.65,-0.01,0.15,0.02,0.01,0
0.69,0.50,-2.91,-0.08,-1.64,-0.65,-0.03,-0.59,0.55,1.97,2.60,4.57,4.95,4.38,2.43,2.97,2.14,0.95,1.06,0.03,-0.22,-1.56,-0.84,0.36,-1.12,0.10,-1.82,-1.41,-0.48,-2.25,0.41,0.36,1.59,0.42,0.15,-0.15,-0.68,-0.48,-1.89,-1.11,2
-0.72,0.80,0.25,0.17,0.89,2.92,2.21,2.98,2.60,4.44,6.32,5.65,4.07,4.28,1.87,0.80,0.70,-0.10,0.48,1.76,-0.68,-1.01,0.18,-0.88,1.05,-0.33,-0.60,-0.86,1.92,2.03,1.02,0.01,0.40,0.24,-0.05,-0.71,2.36,0.05,-0.34,-0.49,2
0.35,-1.56,1.86,-1.65,-0.15,0.19,1.38,1.14,3.37,2.38,5.82,4.66,3.25,2.90,1.12,1.22,1.56,0.01,-0.56,0.18,-0.53,0.14,2.44,-2.16,-1.54,-1.52,0.52,-0.73,-0.42,0.22,0.81,1.29,0.75,-0.82,0.35,1.65,0.80,-0.05,0.43,-0.57,2
0.05,0.27,1.30,-0.72,-0.60,1.16,1.29,1.59,0.54,2.19,3.77,3.77,3.76,4.55,4.48,3.07,2.65,1.12,1.09,0.47,1.47,0.72,-0.02,1.14,-1.04,1.16,0.81,1.63,-0.57,0.33,-0.20,-0.18,0.20,-0.22,-0.77,0.05,0.03,-0.36,0.96,-0.59,2
-0.01,-0.58,1.07,0.81,0.38,-0.25,1.83,1.19,0.34,0.60,2.24,2.64,5.24,5.74,6.72,5.10,5.11,3.47,2.61,2.49,0.66,-0.71,-0.78,-0.27,-1.51,0.60,0.22,0.25,-1.02,2.32,1.83,-0.60,1.03,1.05,-0.38,0.13,-1.17,-0.23,0.42,0.53,0
1.71,0.55,2.09,2.57,2.27,4.12,2.79,4.39,4.84,3.10,3.27,2.42,0.61,-1.55,0.68,2.14,0.64,-0.02,-1.06,-1.46,0.02,0.72,-0.96,-0.20,0.45,-0.69,-0.41,-0.11,0.12,-0.36,0.25,1.41,-1.78,-0.51,0.35,-0.91,-0.53,-1.65,-0.46,-0.75,1
-1.02,-0.45,-0.76,0.95,-0.52,1.73,-0.14,3.20,4.69,3.65,4.66,2.45,5.92,1.67,2.84,2.20,-0.28,0.51,0.46,0.30,-0.28,0.46,-0.46,-0.85,-0.15,0.47,0.20,-0.85,-0.08,1.07,-0.23,0.59,1.27,2.22,-1.32,1.10,-0.02,1.20,-0.70,0.64,2
0.44,0.65,-1.36,2.21,-1.69,0.36,1.67,2.28,3.90,1.67,5.75,3.85,3.45,2.32,2.49,1.38,0.93,0.58,1.04,-0.63,0.39,1.80,-1.12,-0.14,0.14,0.57,0.12,-0.97,1.03,-0.01,0.82,-0.38,-0.18,0.56,-0.08,2.15,-0.49,0.09,-0.42,-1.04,2
-0.66,-0.03,0.58,0.66,2.22,0.48,0.83,1.01,1.69,3.08,2.25,4.58,3.97,3.96,3.81,4.60,2.46,3.13,1.95,2.69,0.40,-0.68,-0.27,-0.49,-0.34,-1.27,-1.99,-0.01,-0.10,0.14,-0.90,-1.16,-0.79,1.60,1.39,-0.29,-0.50,-0.34,0.39,-1.25,2
-1.75,-0.34,-1.50,0.01,0.53,2.01,2.34,2.96,3.91,3.46,6.24,7.17,3.43,4.75,2.71,0.77,-0.25,0.25,0.54,0.06,-0.64,0.37,-0.00,-0.84,-0.70,-0.73,-0.06,-1.06,-0.92,0.81,-0.91,-0.88,-1.01,0.55,-1.50,0.67,-1.18,-1.17,-0.43,0.15,2
-1.11,0.46,1.12,0.74,0.52,1.78,2.53,2.11,0.84,-0.83,1.82,1.91,2.91,2.69,4.03,1.96,2.53,3.35,2.22,0.51,0.31,-0.02,-1.68,-0.10,0.76,0.11,0.39,0.71,0.40,0.14,-1.65,0.31,0.10,-0.28,-0.15,1.06,-2.43,-0.36,-1.87,-0.77,0
0.20,0.73,-1.94,1.95,-0.12,-0.85,1.42,2.89,3.98,4.28,6.29,3.76,4.51,2.41,3.15,0.86,-1.18,-0.85,0.09,-0.97,-0.46,1.66,1.02,1.97,-0.31,0.88,-0.04,-0.10,-0.46,0.78,0.22,-0.35,0.04,-0.27,-0.59,0.62,0.69,1.03,0.27,1.16,1
0.52,-0.59,-1.02,0.25,0.67,-0.46,-0.83,0.50,2.46,1.66,2.83,1.45,3.23,4.43,6.06,5.58,4.57,3.41,2.19,1.83,1.35,-0.01,-0.56,0.23,-0.71,-0.45,-0.18,-0.12,0.87,0.92,-0.35,-1.87,1.49,0.49,0.54,0.37,1.59,0.76,-0.54,0.24,2
0.85,1.70,1.49,3.47,1.49,2.50,2.93,4.04,0.78,1.82,3.03,3.80,2.95,3.01,5.17,2.96,2.51,2.49,-0.38,0.46,0.86,-0.65,-1.38,-0.09,0.44,1.45,-1.21,0.13,0.58,-0.89,-0.37,0.37,0.12,-0.71,-0.49,-2.88,0.28,1.09,-1.00,0.83,0
-0.55,0.98,1.26,0.59,0.95,2.37,5.22,2.37,3.86,3.99,3.12,3.54,1.36,2.58,0.55,1.26,2.22,-1.05,0.00,-1.37,0.15,-0.63,-0.26,-0.71,0.93,1.39,-0.18,0.21,0.75,-1.00,1.49,-0.91,0.35,-0.59,-1.57,-1.22,-0.64,-0.43,2.86,-0.81,1
-1.23,1.88,2.24,2.91,1.90,5.43,7.52,3.71,3.51,1.96,1.61,1.20,-1.09,2.30,0.30,1.41,1.49,1.62,0.51,0.68,0.07,0.11,-0.44,-1.10,0.75,1.13,1.63,0.29,-0.39,-0.64,-0.74,-1.89,1.49,-0.02,0.29,0.90,-0.55,0.81,0.18,0.46,0
0.22,0.70,-0.09,-0.31,1.06,-0.32,0.57,0.10,-0.48,1.79,2.17,3.84,3.85,3.66,5.69,5.27,4.65,5.05,3.26,1.83,1.19,-1.29,0.85,1.29,2.20,-0.56,0.61,-1.23,-0.32,0.30,1.29,-0.48,2.00,-1.62,-2.07,2.92,0.69,1.42,-0.75,1.18,2
0.40,2.28,0.83,2.15,1.01,1.71,1.32,4.15,3.26,4.82,4.74,1.61,1.16,2.51,1.51,-0.64,1.59,1.74,-0.40,-0.99,-1.89,0.75,0.80,0.31,-1.01,-1.07,0.03,1.63,0.27,-0.89,-0.74,-1.30,1.01,0.10,0.68,2.14,0.04,-1.17,1.24,1.26,1
-0.16,-0.50,1.39,0.90,2.31,2.81,3.39,4.18,0.47,3.63,0.71,0.57,0.53,3.75,4.25,4.61,1.07,2.30,1.84,0.07,-0.34,1.92,1.64,-0.19,-0.17,-0.52,-0.63,-0.54,-0.55,1.06,0.32,-0.13,-0.79,0.61,-0.97,0.80,0.75,1.84,-0.12,0.38,0
-0.77,0.79,3.81,2.72,3.57,5.66,6.26,5.51,4.20,2.75,0.38,1.62,-1.24,-0.35,0.11,-1.18,0.30,0.85,-1.03,-2.31,-0.11,-0.61,0.31,-1.47,2.20,0.90,-1.15,-0.33,-0.94,-0.16,0.02,-0.26,1.03,-0.60,-0.57,-0.65,1.85,0.18,-0.00,-0.70,0
0.76,-0.60,0.94,-1.13,1.31,0.57,2.01,1.61,0.69,3.11,6.08,5.78,2.39,3.65,1.96,2.24,1.82,0.71,1.20,-0.23,0.08,1.29,-0.90,-0.32,-3.73,-1.37,0.55,-1.35,1.41,0.01,0.10,0.69,-0.18,-0.75,2.92,-1.35,-1.54,0.92,-0.17,-1.06,2
-1.30,0.11,-0.51,-0.74,-0.77,-0.93,0.42,2.14,1.21,2.90,4.25,3.62,4.34,3.83,4.41,3.56,1.48,0.59,0.33,1.76,-0.20,-1.32,0.92,0.12,2.44,1.36,0.80,0.16,1.22,-1.04,-0.67,0.92,0.71,-0.05,0.31,0.52,-0.90,-0.08,2.03,-0.58,2
-0.07,-0.04,1.46,2.55,2.38,3.05,1.48,3.60,0.80,2.68,1.44,0.53,1.90,0.01,1.07,2.59,1.19,1.38,1.34,3.26,0.87,-0.47,0.32,-0.26,0.09,-0.24,-0.38,0.00,-0.62,0.15,-1.72,1.56,-0.28,-1.74,0.93,-2.50,0.42,-1.14,-1.61,1.77,0
1.73,-1.01,0.21,0.92,-0.23,1.04,2.22,4.27,3.98,4.96,6.55,4.06,3.16,2.57,2.80,2.49,0.12,-0.15,-0.34,-0.57,1.23,-0.26,-1.29,-0.27,-0.38,0.79,-1.64,-0.11,0.33,0.04,0.10,1.95,0.09,-0.81,1.51,-1.62,-0.19,-1.19,-2.62,0.61,1
-0.78,0.51,0.96,3.51,1.91,5.31,3.23,4.02,3.25,2.42,3.19,0.47,0.92,0.29,1.46,0.40,0.39,-0.66,-0.73,0.57,-0.22,-0.10,-1.88,0.30,0.74,-1.72,2.07,1.93,0.87,0.66,-0.35,0.28,-0.13,0.30,0.33,0.05,0.76,-0.84,-0.72,-1.76,0
0.61,1.52,0.39,1.49,2.17,1.53,3.02,0.53,2.92,1.16,1.60,2.93,2.37,2.63,5.97,4.92,2.40,2.37,1.17,1.65,-1.59,0.95,0.63,0.24,0.16,-0.03,1.24,0.25,-0.87,-1.06,-0.76,0.15,-1.17,-1.04,2.42,-1.15,0.13,-0.89,-0.82,1.00,0
-0.27,1.11,0.95,0.70,3.04,5.05,4.42,4.26,2.27,2.11,1.07,1.19,2.37,0.38,0.75,2.00,1.13,2.23,0.09,1.45,-0.75,0.59,0.48,2.44,-0.92,-0.99,0.64,0.72,-0.34,1.26,-0.15,0.38,-0.30,0.61,1.61,1.08,0.37,-0.24,0.82,-1.87,0
-0.07,1.71,2.56,3.80,2.50,5.14,5.54,3.08,4.93,2.90,2.21,1.69,1.85,-0.14,-0.02,0.19,3.29,0.92,-0.22,0.68,-0.82,1.22,-0.03,-0.91,-0.49,-1.07,0.25,0.12,-1.04,-0.15,0.82,0.65,-0.37,2.95,-1.53,-1.01,1.28,-1.47,-1.66,0.74,0
1.65,1.16,0.29,0.16,-0.81,2.11,3.61,2.13,3.35,3.27,6.15,4.68,2.37,3.06,0.32,2.55,-1.10,-1.19,1.27,-1.36,0.44,-1.59,-0.61,0.53,1.16,0.52,-2.33,-0.48,2.29,-0.44,0.82,0.24,-0.52,1.04,0.65,1.15,-0.23,0.04,-0.50,0.48,2
-0.69,0.86,2.83,3.32,5.58,4.18,5.76,4.16,3.35,3.05,2.96,2.50,1.91,0.58,1.67,1.18,0.71,0.11,-1.00,-1.47,0.27,-0.49,-0.18,0.19,-0.38,-0.43,0.33,-0.75,0.65,1.89,-0.59,0.08,0.96,1.03,0.76,-0.83,-1.04,-0.58,0.54,1.60,0
-0.56,-0.59,0.63,1.21,0.65,0.16,3.67,2.43,3.32,3.41,3.73,4.40,5.76,5.11,2.63,2.62,-0.40,2.04,0.06,1.00,0.18,-0.46,0.64,0.04,-0.04,0.58,-0.52,0.33,0.95,-0.78,-0.22,-1.99,-0.00,0.07,-0.58,-0.22,-2.17,-1.23,-2.15,-0.80,2
2.56,0.10,-0.52,-0.50,-0.35,-0.05,0.72,1.71,3.23,3.25,2.05,2.24,3.62,5.26,4.02,2.92,1.57,1.38,1.72,0.19,-0.33,-0.15,1.06,2.25,-0.29,-0.09,-0.02,-0.50,0.68,1.07,-1.40,-1.04,0.73,0.14,-2.59,-0.00,-0.79,0.84,1.49,-0.11,2
-1.21,0.77,0.47,-0.60,0.75,0.44,3.90,4.38,4.95,6.10,6.20,3.79,2.81,2.45,3.40,-0.03,1.14,1.36,0.62,1.17,-1.64,0.48,-0.89,-0.95,2.75,0.87,-1.27,0.36,-2.34,1.83,0.28,1.31,-0.41,0.73,-2.33,0.51,-1.56,1.48,0.43,0.43,1
-0.19,2.55,-0.01,0.75,2.53,2.92,2.99,4.82,3.96,4.23,5.42,5.11,1.57,3.71,0.50,2.37,-0.74,-0.25,0.71,0.65,-0.42,0.24,-1.09,0.76,1.47,-1.07,0.34,0.22,-0.34,-1.09,1.26,-0.22,1.24,-1.24,0.63,1.02,-1.27,-0.07,1.62,-0.20,1
-0.42,-0.66,-0.06,0.24,-0.91,-0.52,1.23,-0.23,1.46,1.17,3.17,3.03,5.15,4.90,3.12,4.75,3.61,4.56,0.57,0.28,-0.30,1.88,0.63,0.66,0.45,-0.15,0.74,0.24,0.01,0.23,1.33,2.46,-1.08,-0.27,-0.19,0.50,0.46,-0.62,-0.24,-0.45,2
1.09,0.27,-1.03,-0.76,-0.24,0.10,0.86,1.32,0.49,0.71,3.46,4.54,2.22,5.61,4.22,3.66,4.13,3.70,1.45,0.56,1.58,-0.10,0.29,0.95,-0.86,0.12,-0.54,-0.37,-1.57,-1.07,0.13,-1.23,-0.47,-2.24,1.58,2.02,0.83,-0.30,-0.52,-0.37,2
1.52,0.02,2.36,2.75,2.79,3.77,6.45,4.62,5.17,1.88,1.18,1.53,0.40,0.97,-0.44,-1.03,-0.25,-1.09,-0.95,-0.70,1.21,-1.57,-0.25,-1.84,1.28,-0.38,-0.24,-0.17,-2.31,-1.39,1.41,-0.86,-2.05,-0.16,1.65,-0.02,-0.20,-0.43,0.41,-1.68,1
-1.05,0.35,1.43,1.78,3.98,5.70,5.82,6.79,3.33,2.74,2.49,1.43,1.46,0.31,-2.02,0.43,-1.18,-0.47,-0.17,1.64,-1.25,-0.13,-0.13,1.58,1.81,0.91,-0.26,0.79,-0.08,1.16,1.33,-0.36,-0.23,0.43,-0.07,1.54,-1.13,-0.81,0.69,0.16,1
0.93,2.03,3.91,2.59,3.45,1.98,4.17,3.52,1.76,2.13,1.32,1.05,0.13,1.28,1.62,0.23,1.24,-0.74,0.58,-0.21,0.81,-0.69,1.89,1.43,-1.50,1.40,0.59,-1.06,0.94,0.83,-0.80,1.65,0.85,-0.00,0.90,0.51,-1.15,0.34,2.44,0.42,0
-0.01,0.38,0.52,2.53,1.73,3.20,1.78,3.79,4.13,4.75,3.88,3.46,3.38,3.44,-0.72,-0.28,-1.17,0.15,1.18,1.06,-1.37,-1.39,0.05,-0.87,-0.10,-0.22,-0.21,-0.56,-0.59,-0.29,0.55,-2.36,0.40,0.59,1.29,-0.10,0.41,0.31,-1.04,0.01,1
0.65,1.19,1.23,2.72,3.72,3.73,2.91,4.24,3.03,4.64,1.88,2.82,1.09,1.78,-1.03,-0.07,0.41,0.39,0.23,-0.36,-1.23,0.29,1.17,0.74,-0.13,0.07,1.40,-0.99,0.60,0.92,-0.89,0.25,1.17,-1.09,1.45,0.70,0.79,-0.43,2.52,-0.39,1
-0.29,0.24,0.55,-0.36,1.80,1.52,3.99,2.73,5.08,6.37,5.53,4.24,4.25,3.76,2.57,0.38,-0.37,-0.78,-1.34,0.64,-0.34,-0.35,-0.56,-0.52,-0.77,-0.02,-0.68,1.28,-1.51,-1.08,-0.05,2.34,0.16,-0.04,-0.17,-0.44,0.10,0.38,-0.56,-1.03,1
-1.19,1.24,1.36,1.03,2.07,4.46,4.40,5.73,3.89,4.70,3.39,2.38,0.91,1.14,0.65,-1.07,0.30,-1.27,0.40,-0.19,0.05,-0.16,-1.39,0.73,-1.47,1.72,0.17,0.58,0.95,-0.39,1.71,0.70,-1.42,-0.73,0.64,-0.27,-0.15,0.42,-1.04,2.28,1
-0.20,2.67,-1.74,0.45,1.63,0.44,0.79,1.16,2.27,6.15,4.62,5.88,1.84,4.77,2.89,4.50,2.91,-0.27,0.89,1.24,0.11,-1.03,0.45,-1.84,2.11,-0.55,-1.26,0.41,-0.80,-0.26,-0.28,0.54,0.04,-0.65,0.67,0.76,-0.23,-1.73,0.86,-0.26,2
1.63,1.96,-0.45,1.70,1.90,1.45,2.16,4.85,4.09,4.27,2.40,2.80,2.20,2.42,-1.21,1.55,0.43,0.08,-0.81,-0.28,-0.70,0.02,1.50,-0.45,0.24,0.67,-0.06,-0.69,-0.04,-1.64,-0.80,0.54,0.13,-0.33,-1.08,1.52,-1.81,-0.66,0.56,0.17,1
-0.80,-1.50,-0.39,0.85,0.69,0.06,1.20,0.47,3.13,3.40,6.38,4.20,2.85,3.84,2.42,0.47,-0.18,0.36,0.61,-0.88,-0.96,0.11,1.47,0.11,0.13,0.01,-0.35,2.00,0.69,0.24,-1.13,-0.27,0.38,0.66,1.33,0.98,-0.70,0.44,-1.64,-0.22,2
0.47,0.67,0.75,2.74,1.95,2.58,3.46,0.88,0.65,2.31,2.31,3.63,2.32,3.59,2.15,1.91,2.89,0.90,1.41,-0.16,1.26,0.15,-1.61,-0.11,-0.88,0.20,0.17,0.61,-1.10,-0.10,-1.21,0.65,0.38,-0.81,-0.47,0.58,-0.51,0.11,0.23,0.07,0
-0.68,3.22,1.56,1.86,2.87,2.02,3.95,4.12,2.19,1.08,1.01,2.56,2.88,3.55,1.80,3.75,2.81,0.87,1.06,-0.34,0.41,-0.71,0.04,0.76,0.44,0.35,-0.11,-2.44,-0.63,0.54,0.78,0.04,0.62,-0.23,-0.84,0.62,-0.67,1.16,1.65,-2.18,0
-1.48,1.37,1.73,3.33,4.44,3.85,5.89,5.37,5.46,2.32,2.05,1.50,-0.38,1.46,-1.29,-0.59,0.12,-1.43,-1.32,-0.11,-0.25,0.28,-0.79,-1.16,-0.26,0.37,0.70,-1.35,-0.82,-0.39,-1.07,0.21,0.75,1.06,0.36,-0.13,0.37,-1.09,-0.82,-0.97,1
0.76,0.60,2.20,1.03,6.21,3.78,4.97,5.41,4.49,3.18,3.51,0.85,1.41,2.73,0.60,-0.10,0.44,-0.89,-0.15,-1.21,-1.03,1.39,2.12,0.94,1.30,-0.21,0.68,-1.87,0.61,0.32,0.55,-1.15,-1.77,1.02,-1.82,-0.68,0.63,1.13,1.25,-1.59,1
-1.47,-0.30,0.07,1.25,0.14,1.71,1.88,2.34,3.78,3.88,5.96,5.23,4.37,4.96,3.51,2.54,-0.30,1.48,0.09,-0.18,0.95,-0.40,-0.81,0.36,-1.98,-1.90,0.94,0.15,1.79,-1.38,-3.40,0.55,-0.56,-0.67,0.06,0.20,2.31,-0.91,-0.31,2.12,2
0.47,1.04,-0.40,0.14,1.87,1.44,1.76,3.85,1.41,2.09,2.56,2.92,2.38,0.70,2.68,2.64,2.08,0.53,2.91,-1.15,-0.32,0.32,0.97,-0.48,0.03,-1.15,-0.22,0.94,-0.20,0.13,-0.22,-0.71,-0.75,-0.92,0.88,-1.27,2.09,-1.35,0.26,0.81,0
0.55,-1.05,0.80,-0.84,-0.34,1.48,0.92,1.04,2.23,3.35,5.18,3.67,4.73,3.53,3.22,2.29,1.51,1.95,-0.31,0.75,-0.54,0.02,0.59,-1.73,2.92,-1.45,-0.55,-1.60,-0.24,-2.05,-0.08,0.73,-0.35,0.08,-0.47,0.49,0.48,0.67,-0.83,-1.42,2
-0.41,0.35,2.03,1.45,0.96,4.07,4.70,3.98,3.49,3.36,0.16,1.60,-0.09,2.33,0.79,0.66,0.68,0.57,-0.12,0.62,0.12,-1.12,-0.23,0.76,-0.46,-2.24,-0.58,-1.71,0.77,-0.40,-0.20,-0.80,-0.82,-0.23,0.80,-0.46,-1.20,0.18,-2.28,-0.65,0
1.58,-0.38,0.56,-0.07,0.23,0.67,1.17,1.62,0.51,0.23,3.92,2.04,3.82,5.81,3.55,4.98,2.75,2.84,3.88,0.68,0.94,-0.69,-0.77,-0.14,-0.64,0.73,-0.55,0.14,-1.14,1.14,-0.58,1.44,1.12,-0.23,-0.93,1.04,-0.35,-0.85,1.40,0.04,2
0.05,-0.05,0.23,-1.53,-0.45,3.17,1.82,1.39,1.25,0.88,0.74,2.98,2.17,3.91,5.63,4.61,3.19,2.07,2.69,0.39,-0.77,-0.48,0.71,-2.21,0.27,0.37,0.69,0.21,-0.60,1.34,-1.01,-1.13,-2.00,0.85,2.01,0.32,2.42,-0.39,-1.12,0.36,0
0.16,0.16,0.33,0.19,1.53,1.33,2.08,2.59,1.58,4.85,5.34,4.76,4.40,4.59,2.74,2.73,1.51,0.09,-0.99,-1.75,-0.73,0.03,0.85,-0.15,0.34,-1.26,-0.13,-0.05,-0.86,-1.38,-2.08,-0.65,-0.70,0.13,1.39,-2.23,0.91,0.16,0.79,0.54,2
-0.69,1.84,0.55,1.73,3.62,5.35,3.51,2.49,2.44,5.06,2.70,0.38,0.47,2.30,-1.82,-0.61,0.55,-2.51,-0.30,0.42,-0.91,0.12,0.04,-0.02,1.61,-0.54,0.40,1.85,-0.56,0.18,0.89,-1.03,0.59,-0.63,2.54,0.79,-1.50,0.86,1.54,0.41,1
-1.73,1.91,1.54,2.86,1.90,2.12,4.02,1.22,1.35,3.30,2.27,2.52,1.70,1.78,2.64,1.29,1.58,1.31,2.11,2.49,2.29,-0.19,-1.30,-0.12,0.49,-0.06,0.68,-1.71,-1.87,-0.81,1.77,-1.16,-0.36,1.67,1.44,-0.33,1.21,1.48,1.71,0.72,0
0.43,1.05,-0.55,0.47,0.21,-0.67,0.89,-0.36,3.08,2.65,5.67,2.20,4.40,2.81,5.65,2.73,4.66,3.52,2.03,1.74,-0.48,-1.75,0.73,0.52,-1.13,-0.50,-1.22,0.57,2.86,-0.11,-0.74,1.39,-0.74,0.58,1.63,-2.31,-0.62,-1.58,-0.70,1.51,2
-0.18,-0.02,0.42,0.41,-1.18,0.79,-0.13,-0.34,-0.97,2.87,3.56,3.28,4.40,4.50,6.28,4.77,1.87,4.37,2.04,1.21,-1.24,0.39,-1.12,-1.09,0.34,-1.94,-0.17,0.42,-0.59,-0.58,1.99,0.07,-0.20,-0.53,-2.37,0.66,-0.51,0.81,-0.35,1.37,2
1.54,-0.83,1.21,0.25,1.11,1.22,1.24,1.29,3.12,4.56,4.45,4.12,4.49,3.44,0.98,-1.06,-0.09,-1.28,1.99,-1.38,-0.04,-0.68,1.57,0.09,-2.92,-0.05,-0.19,0.60,-0.73,1.06,0.74,1.31,-0.71,-0.07,-0.48,-0.45,1.13,-0.45,0.14,-0.33,2
-0.82,0.55,1.71,-0.32,-0.51,-0.16,-0.24,-0.45,2.48,3.00,1.58,2.36,5.03,4.59,3.69,3.86,3.67,1.45,1.69,0.57,-2.21,0.75,-0.84,0.60,-0.91,-1.65,1.00,-0.51,0.45,-0.88,-0.28,0.04,0.90,-0.35,-0.59,1.70,0.29,-0.15,0.21,0.97,2
-1.27,1.28,1.32,0.43,2.08,2.24,3.70,2.60,1.73,3.01,2.92,1.47,2.79,2.46,1.55,3.37,1.95,3.61,0.93,0.77,-0.29,-0.73,0.45,0.45,-0.36,-0.15,1.64,0.34,-0.34,0.26,-0.87,0.86,-1.56,0.25,0.88,1.53,-0.30,-0.45,2.21,0.06,0
-0.88,0.47,-0.40,-1.03,-1.66,0.51,1.75,1.53,1.67,0.17,3.42,4.42,3.16,5.08,3.84,5.85,3.36,2.53,0.28,0.72,-0.21,0.45,0.66,-0.18,-0.19,-0.39,-0.50,1.18,1.60,-1.52,1.09,0.05,-2.73,-0.35,-2.06,-0.89,2.71,-0.41,0.55,-1.66,2
1.64,0.79,-0.34,-1.85,0.05,1.68,-0.91,0.00,0.45,2.43,0.94,4.52,4.24,5.37,6.57,3.52,3.72,3.90,4.36,1.45,-0.10,-1.78,0.47,1.60,0.89,-2.35,1.95,-0.83,-0.90,-0.12,0.07,1.31,0.04,-0.51,-0.64,0.28,-0.25,0.28,-1.34,2.01,0
-0.33,1.01,2.96,1.03,2.35,2.92,5.88,3.26,2.06,3.11,0.85,1.79,0.61,4.00,2.02,0.70,0.40,0.72,0.96,0.05,-0.88,1.27,-0.74,0.80,0.57,0.28,-1.74,0.26,0.39,0.34,-0.65,0.74,-0.29,-0.40,0.19,-0.30,-0.88,0.01,-0.72,-0.54,0
1.33,-0.64,-0.12,0.18,-0.20,3.14,1.43,2.00,4.45,4.43,7.01,4.35,3.73,3.39,1.69,-0.86,-0.43,-0.43,-0.18,-0.19,0.64,-1.55,0.36,0.54,0.44,0.23,0.22,0.53,0.67,-0.10,1.62,-0.11,0.87,-0.47,-0.02,-1.62,0.02,2.19,0.71,0.59,1
0.94,-0.51,3.43,2.89,2.93,4.12,6.34,6.31,3.71,3.52,2.12,3.62,0.49,0.30,0.22,1.75,2.06,0.74,1.26,0.14,-0.70,-1.72,-2.18,-1.46,0.08,0.83,1.97,-0.32,-1.33,0.29,0.09,0.36,-0.88,0.14,-0.78,0.25,-0.43,1.06,1.44,1.35,0
1.34,-0.80,1.10,0.39,-0.96,0.13,-0.14,0.63,-0.63,4.20,1.76,3.15,2.55,4.80,5.18,4.64,3.45,1.48,1.65,0.75,0.60,-0.17,-1.51,-0.77,0.85,0.09,0.12,-0.64,-0.52,-0.39,0.40,-1.63,-0.26,-0.66,-0.88,-0.60,-1.13,1.04,-1.24,0.07,2
0.16,0.83,1.72,0.58,2.37,1.40,3.20,4.44,2.74,3.71,4.89,3.98,1.81,1.17,2.13,1.48,-0.54,0.05,-1.02,-0.58,-0.26,-1.17,-0.74,0.35,-0.37,-0.01,0.44,-1.01,-1.02,-1.42,0.27,-1.81,-0.46,0.91,-2.24,-0.26,1.09,0.31,0.50,-0.87,1
-0.63,0.76,1.30,2.61,4.72,3.93,4.68,5.30,4.93,3.32,2.19,1.67,1.03,0.19,0.64,1.42,0.41,-0.71,1.03,-1.34,-0.58,-0.26,-0.94,-1.87,0.06,0.07,-0.92,-0.62,-1.25,1.17,0.66,-2.62,1.13,2.32,0.75,1.93,-0.21,0.23,-0.49,-0.48,0
-0.22,2.25,1.88,-0.01,3.16,4.08,4.06,4.56,2.24,1.73,1.86,1.05,1.59,0.69,3.15,0.95,1.99,1.03,1.65,0.53,-0.63,1.59,0.40,-0.53,0.15,-0.47,-0.94,-0.39,-0.83,0.94,-0.79,0.72,-0.60,1.35,0.56,-0.80,-0.35,0.50,-0.09,0.77,0
0.10,0.59,2.37,2.49,3.27,3.10,6.02,4.79,3.50,3.01,4.21,1.89,-0.11,-0.71,0.24,-0.71,0.17,-0.10,1.05,-2.20,-0.04,0.46,0.75,-0.43,-0.06,1.57,-0.77,0.60,-0.40,-0.71,-1.41,0.57,0.93,-1.79,-0.55,1.35,-1.20,1.68,0.05,0.09,1
1.29,-0.73,0.73,1.78,2.05,1.98,-1.07,1.44,1.20,0.36,2.02,3.90,3.71,2.83,5.60,3.44,3.70,1.22,0.54,0.77,-1.21,-0.03,0.23,0.61,-0.63,-0.64,1.27,-0.99,1.69,0.76,0.89,1.41,1.79,1.48,0.30,0.59,-0.09,-2.61,-1.44,-1.83,0
-0.16,1.47,-0.90,-0.36,-1.28,-0.48,0.84,1.28,2.79,1.41,3.91,4.65,3.41,5.03,3.45,4.59,2.74,3.26,2.12,0.33,0.03,1.03,-1.15,-0.37,-0.04,-0.72,0.60,0.36,2.30,-0.22,-0.94,-1.58,0.63,1.45,-0.62,-0.58,-0.10,-0.22,0.56,0.13,2
-1.18,1.20,1.81,3.18,3.87,5.18,6.30,3.51,2.55,3.24,2.39,0.22,-0.03,0.59,0.87,-0.04,-1.71,-0.10,-0.64,0.66,0.69,-0.58,0.61,0.86,-0.77,-1.41,-0.02,2.25,-0.38,-0.48,-0.14,-0.69,0.36,0.47,-0.10,-0.73,0.55,1.41,-1.17,-0.25,1
0.41,-0.14,-1.35,0.18,-0.45,2.48,3.49,3.95,4.94,5.44,6.90,5.15,2.68,5.37,4.28,0.26,-1.30,-2.05,1.50,-0.62,0.07,0.60,0.94,0.60,-0.15,-0.48,1.41,-0.28,0.43,0.12,-1.55,0.64,0.97,0.20,0.27,-1.32,-2.12,0.13,0.21,2.54,1
0.26,0.73,0.13,-0.31,0.72,-0.07,-0.50,0.33,-0.25,0.09,-0.57,2.33,4.16,4.51,5.67,2.26,1.94,1.45,1.58,0.48,-0.23,0.71,-1.75,-2.72,0.50,0.46,0.61,0.78,-0.17,0.52,0.26,0.02,0.64,-1.78,-0.61,-1.73,-0.19,0.23,1.04,0.84,0
0.81,0.14,0.79,-0.16,0.75,2.52,2.48,2.97,4.72,4.39,3.15,4.55,0.06,4.21,0.94,-0.87,1.36,-0.98,-0.30,-1.38,0.07,0.60,0.48,1.05,-0.87,1.37,-1.41,-1.27,0.12,-0.40,-0.95,0.48,2.17,0.44,-0.14,0.09,0.23,-0.16,-0.26,-1.01,1
-0.82,0.94,-0.25,0.11,1.85,3.08,1.93,2.65,2.24,0.84,3.02,3.77,2.23,2.38,3.47,3.17,2.59,1.36,2.19,1.47,0.21,0.45,0.35,0.71,-0.49,-0.10,-0.34,-0.16,-0.79,-0.23,-1.15,1.23,0.73,-0.43,-0.65,0.94,0.25,-0.42,-1.84,2.19,0
-0.93,0.60,1.27,1.57,0.18,3.35,-0.07,2.66,2.37,2.61,2.95,0.46,2.34,1.89,4.70,4.34,4.36,4.19,-0.47,2.07,-0.68,-0.67,0.23,-0.51,-0.26,1.89,-0.23,-1.98,-0.80,-0.23,-0.82,-0.20,0.14,-1.91,-1.92,-0.36,-1.39,2.41,1.25,-0.37,0
1.95,1.72,1.03,-0.61,1.17,0.73,3.17,3.61,4.39,3.82,5.67,4.67,0.40,1.27,3.32,0.29,0.33,1.20,1.92,-0.38,1.63,-0.19,0.41,1.08,2.17,0.64,-2.01,-1.04,0.15,0.10,-1.69,-0.40,-0.92,0.58,0.49,-2.27,0.72,-1.87,0.96,1.52,1
0.78,1.21,1.25,1.91,3.65,2.54,2.85,3.60,2.75,0.53,2.34,2.90,1.13,3.16,4.07,-0.27,0.32,1.84,0.43,1.76,-2.18,-1.51,-0.28,-0.96,-0.24,2.44,1.43,1.29,0.07,0.42,-2.14,-0.17,-0.54,2.10,0.26,-0.67,-0.35,-0.32,-1.09,-0.47,0
-1.94,-0.98,0.12,-0.67,-0.84,0.93,0.98,0.91,-0.25,2.31,0.63,4.28,5.93,3.59,5.65,3.18,2.51,2.08,0.85,1.11,-0.81,-0.09,-1.12,0.83,0.62,-1.49,-1.52,0.88,-1.61,-0.97,-0.02,2.24,-0.72,0.14,0.67,-1.08,1.07,-0.11,0.47,-0.78,0
-1.33,-0.12,-0.02,1.84,-1.12,2.65,1.83,2.60,3.72,5.97,5.56,4.30,2.72,0.67,3.68,2.00,-0.16,1.26,0.02,0.58,0.34,0.40,0.74,-0.13,-1.10,-0.15,-0.51,-0.37,0.05,0.47,-0.08,0.12,-0.81,0.69,-0.59,-0.80,-1.01,-0.40,-0.25,0.12,2
-0.21,1.12,-0.19,1.12,0.41,-0.19,2.91,3.54,4.09,5.45,5.67,5.57,4.91,1.36,1.48,0.76,-0.72,0.34,-0.97,0.62,2.25,0.44,1.10,-0.97,0.22,0.40,-0.07,-0.35,1.23,0.56,0.13,-0.12,1.29,0.75,-0.16,-0.66,-1.25,0.52,-0.96,-0.35,1
1.77,-1.07,0.74,1.52,2.15,3.25,2.45,2.53,2.13,2.40,2.66,2.58,1.65,1.03,3.76,3.13,3.27,2.41,0.97,0.74,-0.67,0.32,-1.16,-0.22,1.70,-1.24,0.82,-0.66,-0.65,-1.33,-0.44,-0.50,-0.17,0.98,1.26,1.44,1.34,0.38,-1.69,0.52,0
-1.88,1.29,0.83,-1.43,0.04,0.96,1.27,1.85,1.71,3.31,5.85,4.15,3.33,4.78,2.25,2.72,0.07,-1.93,1.93,2.02,0.49,0.56,-0.52,-2.03,-0.09,0.58,0.55,-0.86,0.61,-0.39,-1.10,-0.55,0.54,-0.65,-0.20,-0.60,1.26,0.02,1.26,-0.68,2
0.02,0.91,2.33,0.01,3.93,1.53,1.73,0.35,1.08,1.26,1.90,3.65,1.47,2.36,6.06,5.34,1.53,0.74,0.03,-0.18,-0.66,-1.64,-0.19,-2.88,0.11,-0.05,-1.59,-1.33,0.58,1.54,-1.08,-0.37,-1.22,-0.39,1.45,-1.12,0.45,-0.28,-0.28,1.73,0
-0.17,0.30,0.41,-0.78,-0.01,0.96,0.82,3.22,3.03,3.89,6.21,4.24,4.60,1.63,2.25,1.01,-1.77,-2.35,0.10,0.95,-0.31,-0.19,-0.21,-0.64,-1.83,1.09,0.30,-0.01,0.22,-0.40,1.14,-0.47,0.31,-0.79,1.44,-0.35,0.40,0.47,-0.35,-0.09,2
1.91,0.75,-0.45,-1.17,-0.03,2.27,2.34,0.55,2.22,6.44,6.09,3.66,3.65,3.94,3.63,1.64,2.08,0.61,-0.79,0.82,-1.20,1.15,-1.24,-0.95,0.77,-1.17,-1.52,-0.38,0.44,-1.54,-1.40,0.81,-0.63,-0.18,-0.47,-2.20,1.86,-0.24,0.20,-0.20,2
0.71,0.04,1.35,1.49,1.44,2.96,5.41,1.16,2.94,0.50,2.90,2.68,2.55,3.38,2.29,2.39,1.54,-0.06,0.18,0.82,0.43,-0.87,0.21,-2.58,0.24,-0.11,-0.63,0.37,0.51,-0.12,1.99,-2.10,1.58,0.16,0.25,-0.49,0.59,-0.15,1.01,0.51,0
0.28,-0.19,0.65,-0.58,-0.70,1.65,2.97,2.99,3.79,4.48,6.10,2.86,4.01,3.15,3.81,0.56,-1.76,1.07,-1.23,-0.92,-0.56,-0.62,1.59,-0.57,0.26,-1.63,1.80,1.27,0.10,-0.07,1.08,0.16,0.44,0.28,-0.27,0.15,0.43,0.35,-0.04,-0.12,1
0.26,1.21,3.02,2.15,3.84,6.42,4.87,4.23,3.03,2.47,0.97,0.53,0.26,-0.20,-0.03,0.78,-0.55,1.15,-0.62,1.15,0.17,-0.47,-0.17,1.71,1.66,-2.56,1.01,0.20,-0.27,-0.57,-1.20,1.26,-1.03,-0.58,-0.25,1.29,-0.77,0.82,-0.66,-1.32,0
0.13,-0.22,-1.99,2.27,-2.06,-0.68,2.19,2.54,4.16,4.80,4.69,4.21,4.71,4.03,3.25,0.29,-1.80,-0.15,0.74,2.13,-1.45,-2.38,1.35,-0.04,1.30,-1.22,1.71,-0.41,-0.55,0.60,0.20,0.96,0.65,-0.93,0.55,1.61,1.11,0.03,0.12,-1.38,2
1.06,1.11,-1.30,0.68,-0.96,1.45,-1.86,-0.21,-1.95,-0.07,1.21,1.74,4.39,5.51,5.01,3.02,2.99,2.51,1.56,0.65,-0.29,-0.24,0.68,0.81,-0.54,0.09,0.09,-0.93,2.74,0.47,-0.55,1.09,0.85,0.90,-0.09,-0.54,1.53,1.43,-1.79,0.39,2
0.49,0.07,0.37,0.59,-0.62,1.97,2.36,2.99,3.52,4.30,7.56,4.31,2.81,3.22,0.65,-0.15,-0.67,-1.36,-0.97,-0.86,-0.00,1.08,-1.47,-1.44,-0.29,-0.39,-0.95,-0.21,-0.52,-0.53,0.28,-0.38,-0.27,0.16,1.55,1.34,0.71,-0.50,0.44,-0.35,1
0.29,0.54,0.37,3.60,2.50,3.45,4.83,1.30,1.82,1.23,2.30,3.76,1.66,2.01,3.63,3.96,-0.63,-0.22,0.61,-0.93,0.23,0.57,-0.38,0.06,-1.52,1.67,-0.30,0.32,0.42,-1.29,0.58,0.28,-0.28,-0.19,1.84,-0.26,-0.85,0.15,-1.92,0.19,0
0.09,0.77,-0.69,2.06,-0.15,0.59,1.85,2.95,3.30,3.46,5.78,5.13,3.27,2.21,3.79,1.59,0.48,-0.63,0.44,2.03,-0.88,1.53,-0.14,1.17,-0.13,-0.31,0.09,-0.38,-0.72,1.73,-0.06,1.01,1.42,0.56,0.67,-1.17,0.06,0.12,-1.35,0.68,2
-1.73,0.41,1.42,2.61,4.62,4.99,8.53,5.32,1.50,0.25,3.79,1.20,0.75,1.18,-0.02,1.06,-0.90,-0.70,-0.05,2.00,0.48,0.17,1.52,1.22,0.98,-0.17,-0.96,0.80,-0.60,1.82,0.50,2.08,-0.73,0.20,-1.93,-0.72,0.63,-0.40,-0.43,0.44,1
-1.18,0.30,-0.90,0.18,1.22,-0.61,0.10,-0.03,1.39,2.59,3.78,4.78,4.55,3.98,6.65,4.44,2.28,1.04,2.69,1.70,-0.69,-1.31,1.22,0.33,-1.57,0.75,0.42,-0.66,1.38,-1.05,0.58,-0.33,1.17,-0.11,0.42,0.16,-0.93,-0.40,-0.66,-0.03,2
-0.69,2.58,0.12,-1.01,0.14,0.30,2.93,1.07,3.20,3.61,4.39,4.24,2.64,4.10,5.48,3.88,3.35,0.12,-0.09,1.13,-1.38,0.49,2.00,0.55,-0.89,0.81,-0.52,0.26,-0.46,-1.45,-0.08,-0.38,-0.43,-0.47,0.14,-0.40,0.20,-0.75,-0.80,0.53,2
1.02,2.02,1.86,3.73,3.60,3.16,6.68,4.90,4.65,3.09,3.13,1.40,-0.61,2.22,1.03,0.44,0.12,0.30,-0.41,-0.76,-1.19,-0.55,1.84,-0.42,0.33,-0.17,0.55,-0.06,-0.80,-0.39,0.75,0.56,1.60,1.21,1.73,1.30,-0.10,0.89,0.51,1.76,1
-1.05,0.10,-1.20,0.80,-1.24,0.60,2.83,1.17,2.33,5.15,5.23,4.34,3.42,1.58,2.03,2.69,-0.02,1.03,-0.50,-1.81,2.35,0.27,0.25,-0.59,0.20,1.04,0.42,-0.16,0.72,1.61,-1.09,-2.73,-0.60,0.35,-1.03,-1.15,1.33,0.89,1.53,0.77,1
-0.32,-0.39,-0.17,0.75,-0.08,2.80,-0.79,1.20,1.68,2.09,5.13,4.88,3.64,2.80,5.21,3.74,4.16,2.78,2.50,1.33,-0.05,1.80,0.94,0.43,1.20,1.70,-0.62,2.35,1.25,-0.09,1.05,0.65,0.89,0.66,0.04,1.12,0.59,-0.23,1.31,-1.32,0
-0.35,-0.04,2.01,2.57,2.77,4.77,1.21,3.11,4.74,2.29,2.60,1.14,2.07,1.97,1.42,3.12,1.01,0.44,-0.62,1.89,-0.61,-1.94,-0.14,0.60,-0.73,0.94,0.04,-0.09,1.33,-0.79,-0.00,-0.03,-1.46,1.06,1.69,-0.77,1.64,0.71,0.47,0.61,0
0.01,2.35,1.30,2.34,4.09,4.83,5.82,5.05,4.13,1.85,2.82,0.21,0.27,0.61,0.51,0.16,-1.28,-1.07,-0.49,-0.48,-1.24,-0.21,-1.44,-0.48,0.68,-2.17,-0.74,0.75,0.07,-0.84,0.88,0.83,-1.64,0.75,0.56,0.32,0.78,-0.43,-0.83,0.56,1
-1.37,1.43,1.17,1.45,4.63,4.86,4.39,6.05,3.95,5.43,1.22,1.72,0.47,-0.66,0.54,1.59,0.64,0.98,0.29,-0.72,-0.45,-0.90,0.13,-0.24,2.23,0.52,-0.37,-1.64,-0.55,2.32,1.50,-1.97,-1.50,2.37,0.10,1.33,0.98,-1.04,-0.28,-0.07,1
-1.98,-0.25,1.14,0.28,-1.54,-0.16,0.97,2.78,4.73,2.93,4.91,5.83,3.86,4.53,4.31,1.39,0.39,-0.57,-0.84,-0.54,0.68,-0.93,0.39,-0.30,-0.77,0.64,0.42,-0.96,-0.43,-0.19,-1.92,-1.61,2.13,-1.22,-0.57,-1.04,0.86,1.19,0.32,1.40,2
1.54,0.52,1.10,1.78,0.67,3.25,4.68,2.38,3.82,2.26,2.44,1.70,2.53,1.84,-0.76,0.65,1.10,-0.48,1.63,1.04,1.92,-0.69,-0.73,-0.65,-0.84,0.21,0.81,-1.19,0.11,-0.69,-0.58,1.03,0.80,-1.07,0.80,-0.11,-0.03,1.02,0.39,-0.28,1
0.30,-0.10,1.34,-0.08,2.62,1.70,3.07,3.01,5.36,5.65,4.11,4.09,3.48,3.28,0.45,1.37,-1.23,2.72,-1.43,0.63,-2.55,-0.30,0.56,0.65,-0.76,-1.43,0.50,-0.60,-1.41,0.13,-0.60,1.36,0.17,0.41,-0.78,0.24,-0.88,1.01,0.81,-0.06,1
1.13,-0.95,-0.67,1.00,-1.40,0.45,1.38,-0.84,2.73,2.40,3.12,4.54,1.77,4.28,3.10,3.80,2.03,4.79,2.72,-0.36,-0.50,0.43,1.62,-0.88,0.26,-1.21,-0.19,0.07,-0.59,-0.92,0.59,0.28,0.99,1.07,0.66,0.02,-0.01,1.26,0.20,0.57,2
0.59,1.72,-0.15,-1.11,-0.04,0.24,1.62,-0.21,1.05,1.24,3.15,4.54,4.67,4.48,6.56,5.07,3.70,3.09,-1.21,2.47,-0.85,-1.02,-0.04,-0.18,0.03,-0.90,-0.35,-0.52,1.50,1.36,0.25,-0.35,-0.62,-0.11,0.27,0.49,-0.18,1.07,0.74,-0.95,2
-1.97,-0.42,0.14,0.94,-0.20,1.85,2.47,2.78,3.19,3.40,5.53,2.79,-0.09,2.30,3.30,0.82,-0.92,-1.03,-0.85,0.20,0.26,0.19,-0.94,-0.12,-0.88,0.86,0.60,-0.14,1.63,0.26,0.35,0.62,0.71,0.02,0.06,-0.11,1.92,1.21,0.48,1.20,1
-0.25,1.97,0.08,0.68,3.24,3.90,5.81,4.44,4.58,3.85,4.31,1.78,2.65,0.38,1.24,0.35,1.24,0.74,-0.83,1.83,-0.69,1.91,-0.98,-2.53,0.09,0.81,0.08,1.96,-0.36,-1.07,-0.87,-0.36,1.45,-1.58,0.09,-1.39,2.15,0.85,1.95,-0.86,1
0.27,0.26,0.35,-0.49,1.43,-0.52,-0.21,2.15,1.34,3.69,4.44,3.25,4.28,3.88,5.43,1.70,2.64,1.39,1.87,0.65,-1.03,-1.05,-0.57,-2.13,-1.43,-0.14,1.28,0.61,0.64,-0.49,-0.01,0.82,1.38,0.46,-1.00,0.89,-0.11,-0.46,0.65,1.54,2
-0.75,-0.21,1.08,2.60,1.69,2.86,2.50,5.17,5.17,3.30,1.49,1.81,1.83,0.85,0.82,-0.13,0.65,0.39,0.01,-0.40,0.13,-1.69,0.77,1.54,-0.51,0.19,0.61,1.16,2.05,0.09,-0.62,-0.86,0.36,1.28,1.74,0.66,-0.92,-1.01,-1.97,0.05,1
0.75,-1.08,-0.01,-0.78,-0.52,1.94,1.53,0.32,0.17,3.08,3.77,3.12,5.21,6.41,7.02,3.26,1.76,3.98,0.84,0.06,-0.96,1.89,-0.17,1.52,-0.27,-0.13,0.73,-0.53,-0.17,-0.11,0.59,1.31,-0.36,0.01,-0.04,0.24,0.72,-2.75,0.47,1.16,0
-1.03,0.44,0.57,2.67,2.81,3.13,6.45,5.02,5.62,5.32,3.63,3.88,2.11,3.72,1.42,0.26,1.06,-0.62,-1.25,-0.13,1.09,0.50,-1.52,1.89,-0.59,0.12,-1.78,1.03,-0.12,-0.15,1.52,1.23,0.36,0.49,0.17,-0.45,-1.62,-0.29,0.31,-0.59,1
-0.01,0.74,0.34,0.64,0.56,-0.10,2.00,0.86,6.32,3.75,4.75,4.62,3.23,3.26,3.85,2.40,1.86,-0.25,-0.11,1.01,0.40,-0.17,-0.24,0.64,-1.07,-0.64,0.37,-0.01,-0.56,1.38,0.21,-1.42,0.56,-1.27,-2.20,0.47,1.19,-0.25,-0.13,-1.71,2
-0.29,0.80,0.34,0.22,-0.03,0.71,2.12,3.75,4.48,6.08,6.10,5.18,4.82,2.52,2.51,1.33,0.03,-0.56,-0.16,0.94,-1.06,0.57,-0.41,0.01,-0.73,-0.21,1.85,-0.40,-0.37,0.30,-1.41,0.12,-0.97,0.75,0.42,0.11,-0.68,-0.48,-0.18,-1.20,1
-0.16,-1.14,-1.22,-0.22,0.52,2.36,0.21,1.53,-0.20,2.01,2.00,2.94,4.31,5.73,4.61,5.53,2.79,3.80,-0.18,1.55,-0.61,-1.32,0.06,0.81,-1.33,0.53,-0.81,-0.02,1.32,0.47,-1.65,0.27,-1.67,1.26,0.91,-0.80,0.95,-1.80,1.23,0.00,2
-0.63,2.08,1.74,1.60,2.67,3.08,3.59,3.88,4.45,3.99,2.81,3.04,3.33,1.12,1.22,2.08,0.02,0.03,-1.67,0.23,-0.06,0.73,-0.29,1.84,-1.09,1.77,-0.43,0.94,-1.72,0.33,-0.76,0.64,-0.44,0.01,-1.64,0.10,1.18,-0.02,1.58,0.25,1
0.94,1.03,0.55,1.03,1.84,4.24,4.59,2.70,3.60,5.27,3.77,3.25,1.23,0.71,0.76,2.12,1.38,0.87,0.13,-0.10,-0.77,-1.61,-0.01,0.47,0.34,-0.36,-0.31,0.34,-1.17,-0.76,0.44,-0.16,0.66,-2.19,-0.27,1.58,0.08,1.00,0.31,-0.25,1
-1.10,-0.33,1.36,1.47,1.39,3.51,4.71,3.20,3.11,4.49,4.81,4.09,1.82,2.63,1.32,0.32,-2.53,-0.63,-0.06,0.81,1.27,0.65,-0.49,-0.87,-1.89,-0.20,-1.14,-1.16,0.09,-0.84,-0.20,1.18,-2.62,0.34,1.21,-0.58,-0.21,0.21,-0.34,0.16,1
-0.40,-0.31,-0.26,2.08,-0.14,0.69,-0.39,2.45,2.05,2.48,2.68,3.23,4.45,3.73,4.86,2.31,4.19,2.85,2.39,0.16,-1.23,-0.43,-0.51,0.20,0.44,1.73,-0.91,0.92,1.10,1.15,-0.09,0.10,-0.29,0.43,0.08,0.32,0.57,0.12,1.30,-0.35,2
-0.76,1.92,1.67,2.00,0.76,1.90,4.99,3.40,2.49,3.11,0.85,1.07,2.45,1.41,-0.27,0.19,-0.15,0.68,-1.13,0.77,-0.50,-1.09,-0.14,0.82,1.22,1.06,-0.28,0.90,-0.26,0.28,-1.19,0.26,0.51,0.44,0.20,1.29,0.12,0.62,-0.03,0.02,1
2.24,0.46,0.63,-0.37,1.14,0.42,0.21,2.48,2.17,3.36,5.28,3.69,3.86,2.16,3.00,3.44,-0.75,-1.06,0.74,-1.00,0.98,-0.66,-1.39,0.34,-0.06,0.65,0.38,1.31,-1.74,-0.86,0.75,-0.51,0.29,0.01,-0.78,-0.28,0.70,-1.61,0.06,1.03,2
0.04,0.46,2.23,1.45,-0.13,2.71,3.52,3.58,4.24,6.53,3.16,3.66,2.57,0.60,2.57,0.34,-0.34,-0.15,-1.03,0.27,-0.45,-0.17,-0.89,0.10,0.04,0.08,-1.30,0.27,0.24,-1.63,-1.92,-1.13,-0.23,-0.65,0.36,-1.20,-1.55,1.54,0.14,1.65,1
1.55,0.07,0.53,2.41,4.14,5.53,5.10,5.15,4.68,4.39,3.89,2.51,0.45,1.19,0.45,-0.54,1.05,-1.13,-0.38,0.60,-0.08,0.85,2.00,-0.46,0.24,0.99,0.43,-1.79,-0.24,-0.37,-1.00,1.20,-1.99,-2.09,-0.07,-1.22,0.19,0.88,0.41,0.09,1
0.30,0.53,0.99,-0.01,-1.32,0.58,0.87,1.50,2.27,3.30,4.04,5.86,4.12,5.41,3.63,1.84,1.04,0.92,0.19,0.02,-0.95,-0.08,1.32,0.59,-0.25,-0.58,-2.02,0.50,-0.29,-2.32,-2.12,0.38,0.10,0.16,0.20,0.14,0.59,-0.15,-1.02,0.91,2
-0.10,-0.26,1.92,3.92,2.09,4.06,6.50,5.55,4.11,4.80,1.66,1.66,0.72,-0.96,-0.59,1.42,-0.77,0.52,-1.11,-0.99,-1.32,-2.67,-1.76,1.06,0.49,0.36,1.10,-1.58,-0.17,0.02,-0.65,0.24,-2.03,1.22,-0.66,0.80,0.00,-0.92,0.71,0.51,1
0.39,1.25,-0.79,-0.44,0.62,-0.00,0.90,3.41,2.64,4.82,5.36,5.92,4.27,3.27,0.81,3.03,1.56,1.62,1.25,0.41,0.09,0.86,0.84,0.11,0.28,1.29,0.30,-1.05,-0.87,0.38,1.91,0.50,0.61,0.35,0.75,-0.91,-1.06,-1.46,-1.46,0.92,2
0.65,-0.59,-1.32,0.54,1.44,-0.15,-0.67,0.67,0.12,3.15,4.26,2.68,3.83,5.19,6.15,4.47,3.04,1.49,1.39,-0.69,0.61,-0.48,-1.37,0.05,-0.17,-0.92,-0.04,1.11,-0.81,-1.00,0.45,-0.58,0.55,-0.31,-0.46,1.39,-1.04,0.93,-0.17,0.16,2
-1.20,-0.27,-0.46,1.86,2.40,3.20,0.31,2.26,4.24,1.52,2.17,0.49,2.56,3.83,2.89,3.46,-0.28,0.78,0.55,0.90,-0.08,-1.13,0.75,-0.03,0.37,0.01,1.21,-0.55,-0.08,-0.97,0.45,0.03,0.70,0.81,-0.44,0.31,0.44,0.42,-0.90,0.90,0
0.89,1.37,1.43,0.97,5.60,3.38,4.63,3.96,3.51,3.38,4.06,2.07,1.66,2.32,2.76,0.95,0.41,1.44,0.95,-1.47,-0.97,2.12,0.21,-1.42,-0.29,-0.01,-0.63,0.84,-0.57,0.13,0.97,0.48,0.70,0.51,-1.19,1.13,-0.52,-1.44,-0.56,0.57,1
0.73,0.74,0.14,-0.21,0.85,2.74,4.29,3.05,3.93,4.48,4.46,5.11,2.63,0.26,1.66,1.74,0.62,1.14,0.58,-1.34,-0.72,0.25,-0.46,0.47,-0.46,1.33,-0.63,-1.45,0.22,-0.88,0.46,-0.15,-0.24,2.06,2.12,0.20,-0.72,-0.27,-0.46,-0.85,1
-0.31,-0.52,0.80,-1.06,-0.52,-0.11,-0.20,0.16,-0.88,0.32,3.54,4.49,3.71,4.17,6.83,4.75,4.02,4.72,1.68,0.12,1.12,-0.19,0.04,-1.12,1.03,-1.84,-0.52,-2.74,0.16,-1.75,1.20,0.99,-0.58,-0.30,0.32,-0.63,0.76,-0.51,1.02,-0.12,2
-0.02,0.67,1.60,1.98,4.52,3.91,5.99,5.89,3.51,2.05,1.65,-0.00,-0.61,0.30,-0.10,-0.47,-0.47,-1.18,1.35,1.87,-0.83,-0.74,-0.26,-0.55,0.44,-2.41,-0.04,-0.17,0.53,-1.09,-0.92,-0.54,-0.43,-0.95,1.64,-0.91,-0.67,-0.92,-1.01,-0.66,1
0.58,0.26,-0.49,0.14,2.96,2.23,3.48,1.34,1.39,0.99,3.15,2.64,2.28,5.32,4.87,4.13,3.26,0.38,0.40,0.02,0.96,0.24,-0.60,0.00,0.74,2.06,1.53,0.88,-0.94,-0.13,0.13,-0.20,0.56,0.46,-0.64,-0.42,-0.54,-0.49,-0.26,-1.01,0
-0.92,-0.34,0.43,-0.06,1.79,1.17,2.14,1.81,4.97,3.06,6.16,5.22,1.34,2.87,3.00,0.96,-0.01,1.49,1.20,-0.42,0.57,-0.61,-0.58,1.22,0.72,-1.05,-0.09,0.48,0.33,0.25,1.29,0.57,1.87,0.59,0.89,-0.32,-0.04,-1.78,-1.54,0.16,1
0.15,-0.46,0.37,-0.17,-0.90,-0.74,0.78,1.58,1.93,3.20,3.60,3.59,3.22,3.54,5.72,3.11,4.54,0.67,2.72,-0.88,-0.10,-0.29,0.01,0.23,0.24,0.46,0.32,-1.22,-0.41,-0.07,-2.05,-1.07,0.45,1.27,0.67,-0.43,-0.30,0.49,1.12,0.47,2
0.26,-0.29,0.47,0.28,-1.23,2.12,0.97,3.27,4.31,3.37,2.86,4.88,3.66,3.82,1.59,1.09,0.36,-0.34,0.45,0.35,1.82,0.20,-0.07,0.90,0.34,-0.01,-0.97,1.24,0.61,0.54,1.81,0.18,-0.37,0.67,-0.26,-0.55,1.41,-0.07,-3.22,-0.38,2
1.55,0.08,0.90,-0.07,-0.96,1.76,2.41,4.21,4.47,5.09,3.82,2.60,4.53,2.13,1.40,0.88,-0.02,0.19,-0.29,-1.79,-0.12,1.83,-2.15,0.80,-1.05,1.90,0.89,0.63,-0.61,-1.90,0.87,-1.19,1.09,0.86,2.10,1.10,-0.82,-0.88,0.59,0.60,1
-0.54,0.90,0.47,0.37,1.31,0.62,3.02,2.34,5.24,4.45,5.26,3.99,5.11,2.91,4.41,1.36,0.41,0.81,-0.75,0.22,1.13,2.68,0.10,0.19,-1.14,-0.17,-0.04,-0.70,0.73,0.02,0.70,-0.46,-1.61,0.02,0.38,0.28,0.38,1.02,-0.27,1.15,2
-1.31,1.08,3.12,1.54,3.21,4.19,6.06,4.38,2.79,3.55,1.82,3.05,0.55,-2.24,1.25,-1.09,0.75,-1.54,-2.21,-0.12,0.43,-0.90,0.32,0.85,0.03,0.26,0.89,0.92,-2.30,0.38,0.38,-0.71,1.36,2.83,1.37,-0.57,-0.03,-1.15,0.88,-0.83,1
-0.22,0.42,1.31,-0.28,-1.04,1.52,-0.32,-0.71,0.76,0.97,3.66,1.91,5.67,3.84,4.84,3.79,4.02,2.60,1.10,0.96,1.61,0.58,-1.88,-0.84,0.78,1.26,-1.21,-0.20,0.83,-0.35,0.89,-0.29,2.69,0.76,-0.03,1.85,0.59,0.68,2.30,0.83,2
-0.45,2.38,1.18,1.39,4.28,6.04,3.67,4.17,4.68,4.06,3.00,1.89,0.44,-0.39,1.07,0.27,0.59,-0.47,0.58,0.87,2.54,1.49,-1.58,-1.44,1.32,0.18,0.45,-0.87,-0.41,1.00,-0.40,0.15,-0.58,-0.62,-0.19,-1.38,-0.37,0.58,-0.66,0.29,1
0.31,-1.23,0.81,-0.33,0.94,1.35,0.59,1.79,3.63,3.07,5.27,3.99,4.95,4.25,2.54,0.74,0.79,-0.34,-0.06,-1.74,-0.90,0.45,-0.50,0.31,0.54,0.81,-0.17,2.09,-1.78,-0.59,0.50,0.09,-0.31,-0.80,0.56,-0.55,-1.55,-0.28,0.69,0.15,1
1.20,0.48,1.36,2.05,1.14,2.96,4.80,3.87,5.10,3.30,3.59,5.14,2.34,3.58,1.80,-0.22,0.27,1.05,1.12,-0.72,-0.69,0.05,0.84,-1.12,0.12,0.06,-1.57,0.62,0.34,-0.06,0.46,0.39,-1.18,2.09,-0.88,-0.70,-0.78,-0.03,-0.45,-0.17,1
1.88,1.52,1.63,2.92,2.88,3.67,3.89,4.21,4.21,3.92,4.14,3.48,1.76,1.49,2.01,0.37,-0.65,-1.02,0.47,-0.51,1.43,1.27,-0.11,-1.58,-0.12,-0.40,-0.35,0.62,0.65,-0.45,1.03,-0.68,0.06,0.63,1.08,-0.82,-0.53,1.58,0.63,0.69,1
0.97,0.68,-1.15,3.17,1.93,3.86,2.52,4.31,3.24,5.45,4.62,1.68,1.65,2.77,1.08,0.27,1.16,-0.69,-1.08,1.11,-2.38,-1.60,2.28,1.84,0.10,-1.25,-1.14,0.72,0.65,-1.01,-0.69,2.78,-1.08,-0.09,0.18,0.28,0.39,0.32,-0.48,-0.08,1
0.70,0.74,3.56,3.57,4.40,2.73,4.99,4.19,5.57,1.09,2.78,1.79,-0.20,1.51,-0.41,0.70,0.73,1.38,-0.54,1.32,0.62,1.36,-1.10,-0.33,1.22,-0.05,-0.62,-1.27,-1.45,2.11,0.01,-1.28,0.71,1.37,-1.40,-0.27,0.43,1.67,1.55,0.02,0
1.47,0.91,1.35,1.08,1.19,-0.94,1.18,-0.48,4.13,3.18,3.17,3.62,1.65,2.16,4.13,4.78,0.52,1.67,0.76,-0.31,0.11,0.88,-0.56,-0.21,0.64,-0.34,-0.25,-0.21,1.11,0.23,-0.35,-0.36,0.02,-0.34,-0.05,-0.54,-0.59,-0.34,-0.23,-0.67,2
-0.21,1.27,1.37,1.72,2.10,2.99,2.84,3.64,1.48,1.53,2.11,0.83,0.09,1.65,1.60,1.66,2.45,1.28,0.88,1.55,-0.60,-1.31,-0.07,-0.09,-1.40,-0.84,0.82,0.04,2.24,0.07,0.08,-1.11,-0.52,-0.46,-2.14,1.86,1.17,0.50,-0.84,1.03,0
-0.00,-1.48,0.62,0.52,0.48,2.73,2.07,3.52,4.12,5.66,5.58,4.23,5.11,3.98,3.79,0.58,0.31,0.18,0.02,-0.02,0.37,0.28,0.66,0.09,0.33,-1.22,0.37,-2.61,-0.17,1.83,1.51,-1.02,0.53,-1.86,-0.65,-2.13,0.28,-0.34,0.18,-0.24,2
-0.28,-0.39,-0.43,0.43,1.40,1.52,2.48,3.11,4.34,4.31,5.36,4.51,5.02,3.51,2.04,0.25,1.93,0.34,1.42,-0.61,-0.89,-1.63,1.41,0.36,-1.01,1.80,0.79,0.76,-1.28,-0.22,-0.44,-0.73,-1.22,1.42,0.44,1.08,2.57,0.10,-1.45,-1.39,1
-0.48,0.64,1.59,3.94,4.62,5.65,6.62,3.99,3.89,1.73,2.36,2.38,-0.22,1.23,0.11,-0.61,1.01,-0.16,-0.41,-1.23,0.03,-0.86,0.51,1.88,-0.82,-0.57,0.62,-0.23,1.74,-0.43,-0.49,0.94,-0.28,1.21,0.10,0.01,1.89,-1.47,-0.23,-2.07,0
2.39,0.13,1.79,0.45,-0.08,1.57,3.14,4.05,3.17,4.95,4.64,4.72,2.96,0.42,1.51,0.54,0.63,0.43,0.51,-0.22,1.79,3.26,-1.04,2.02,-0.87,-1.66,-1.15,-0.19,0.15,0.33,0.47,-0.01,0.80,-0.13,-0.55,-0.92,-0.53,-0.35,0.49,-0.94,1
-0.10,-0.02,-1.09,-0.41,-1.86,0.29,-0.56,0.60,1.74,1.81,3.33,4.54,3.89,6.31,3.88,4.04,2.26,1.88,0.88,1.89,0.37,0.25,0.28,-0.45,1.03,-0.39,0.08,-0.16,1.65,1.98,-0.90,-0.77,-0.48,0.87,-1.02,1.04,-0.44,-1.25,-1.72,-2.05,2
-0.52,-0.51,-0.59,-0.01,2.06,2.58,-0.35,2.14,1.02,2.16,3.08,4.50,3.76,3.79,2.67,2.56,3.00,1.29,2.15,0.10,0.90,-1.09,1.30,0.56,-1.40,1.51,0.33,-1.08,1.54,-1.38,0.38,0.29,-0.17,0.71,-0.71,0.26,-0.95,1.16,0.34,-1.20,2
-0.76,-0.57,0.46,-0.90,-1.13,0.58,2.00,3.00,3.25,2.99,5.65,3.97,4.19,4.45,2.48,1.60,1.27,4.48,-0.14,0.69,0.49,0.06,2.04,0.16,-0.92,0.37,0.75,-0.78,0.69,0.77,-0.11,1.89,-0.99,-0.01,1.80,1.29,-0.85,0.33,-2.85,0.14,2
-1.92,0.37,3.30,1.66,0.30,3.37,6.10,2.04,3.27,3.54,1.18,1.31,0.98,2.16,3.76,1.13,1.15,1.76,1.84,-1.71,0.14,-2.00,1.26,0.28,-0.23,0.47,1.39,-1.36,-1.41,2.40,-0.15,-0.69,0.08,-0.68,1.11,0.63,1.90,-1.78,0.98,-0.52,0
1.65,-1.76,0.78,0.78,-0.24,0.63,0.60,2.23,0.59,5.06,1.39,2.76,3.99,3.34,3.26,2.90,3.75,1.37,1.64,0.39,-0.41,0.61,-0.85,-0.39,1.82,0.80,1.50,0.13,-0.14,0.29,-1.21,1.06,-0.17,1.06,0.76,0.32,0.01,0.62,-1.40,-0.34,2
-0.31,0.63,2.62,2.00,3.52,6.03,7.49,6.25,1.54,3.02,2.66,3.10,1.03,-0.03,-0.08,-0.13,1.00,0.44,-1.60,-1.42,-0.06,1.58,0.43,-0.41,-0.44,-0.54,-0.56,-0.51,-2.97,-0.75,-0.55,-0.27,0.93,-0.94,-0.28,0.01,1.34,-0.24,-0.16,1.31,1
1.52,1.25,-0.40,-0.47,0.79,-0.15,0.98,1.19,-0.43,0.57,1.90,1.82,3.05,3.61,5.02,4.42,3.87,1.46,2.60,1.33,-0.83,-0.30,-0.18,-0.14,1.90,-1.86,-1.29,-0.48,0.50,0.55,-1.32,-0.88,-0.46,-0.34,-0.88,-0.04,-0.12,0.80,-0.76,-1.02,0
1.64,1.45,1.66,-0.34,3.56,2.60,3.02,2.64,2.11,2.44,3.84,3.41,1.86,2.82,3.25,4.03,2.78,1.36,1.48,1.24,-0.81,-0.54,-0.08,1.05,-0.14,-1.20,0.21,-1.34,0.68,0.56,-0.47,0.75,-0.92,-1.45,0.72,0.02,1.39,0.05,0.37,-0.65,0
-0.55,-1.05,-1.61,1.37,-0.31,1.39,-1.21,0.36,2.84,2.70,2.55,3.26,5.05,5.35,6.33,5.38,1.97,1.18,0.94,-0.71,0.43,-0.14,-0.04,-1.42,1.02,0.34,1.03,0.88,0.37,-1.99,-0.93,-0.89,0.25,-0.10,-0.03,0.93,-0.20,1.05,-0.28,1.87,2
0.22,1.42,1.13,1.19,1.82,2.86,5.41,4.27,5.51,2.62,2.83,3.16,0.44,0.75,-2.51,0.06,-0.17,0.81,0.19,0.36,0.31,1.71,-1.09,0.67,0.43,-0.93,-1.37,-0.39,-0.53,0.81,-0.20,-0.87,-0.07,-1.17,0.17,-0.22,0.07,-0.58,0.36,-0.77,1
0.92,0.61,0.26,-0.01,1.53,0.67,3.00,-0.90,-1.98,1.15,3.29,2.00,3.87,4.94,5.89,4.65,3.54,3.23,-0.45,1.39,0.78,-1.61,0.49,-0.46,2.41,-0.67,-1.15,-1.03,0.83,0.32,1.03,-0.41,-0.09,1.23,0.00,-0.76,0.90,-2.17,-0.14,0.19,0
-0.59,0.80,-0.29,-0.61,3.16,0.90,0.99,2.33,0.36,2.72,2.71,1.77,2.83,2.02,3.49,3.11,0.98,0.87,1.03,1.13,0.44,0.42,1.87,0.41,-1.25,0.22,-0.33,2.77,-0.29,0.25,-1.04,1.47,-0.09,-0.00,1.08,-0.46,0.66,-0.45,-0.15,0.13,0
1.28,0.03,-0.68,0.54,-0.82,0.30,1.95,2.95,3.74,5.75,5.40,6.32,0.93,1.57,2.00,-0.89,0.21,-0.18,0.59,-1.13,-1.06,1.23,0.75,-0.09,-0.14,-0.53,-1.22,0.36,1.16,-1.48,-0.93,0.87,-0.13,-1.18,-0.02,1.28,1.78,0.81,-2.23,0.94,1
2.96,0.26,-1.18,-0.94,0.65,2.57,-0.29,1.11,1.66,3.77,3.93,3.87,4.48,4.01,4.77,2.58,2.31,2.80,0.09,-1.67,-0.53,-0.29,0.23,0.31,1.58,1.39,-0.84,-0.48,-0.18,-0.14,0.15,-1.28,0.43,0.78,-1.49,-1.03,1.48,-0.28,0.71,-0.53,2
-0.40,0.69,1.47,0.52,2.58,2.74,4.37,5.13,3.09,5.74,4.73,4.79,0.64,1.59,2.04,-0.09,-0.81,0.76,-0.87,-0.38,0.67,0.14,0.63,-0.30,0.66,-0.44,-1.23,-1.10,0.53,0.70,0.51,0.71,-0.63,0.46,-1.98,-1.61,1.88,-0.02,-0.31,-1.68,1
0.31,1.32,2.52,1.90,2.51,2.25,2.17,2.66,4.40,3.23,3.89,4.54,0.72,1.93,-0.36,1.20,-0.96,1.43,-0.19,1.01,-0.57,0.51,0.99,-0.12,-0.53,0.13,-0.31,-0.42,-0.32,-0.92,-1.18,-1.75,-0.76,-0.49,1.09,2.42,0.41,0.52,1.31,-1.03,1
-0.56,1.68,0.28,1.71,1.42,1.03,1.96,2.08,1.68,3.66,2.11,2.02,-0.30,0.96,5.41,1.40,1.55,1.42,3.02,1.03,1.22,1.59,0.58,1.44,0.89,-0.22,-0.24,-0.16,-1.50,-0.42,-0.64,0.80,0.55,0.13,0.99,-0.61,0.28,0.24,-0.42,-0.26,0
