3,12.00000,2,3,1881.00000,1,2,2.00000,1,0,2.00000,2,44.00000,2,0,1.00000,1,1.00000,1,0,0
1,18.00000,2,1,7511.00000,0,4,1.00000,2,0,4.00000,1,51.00000,2,2,1.00000,2,2.00000,1,0,1
2,18.00000,4,3,1795.00000,1,4,3.00000,1,2,4.00000,0,48.00000,0,0,2.00000,1,1.00000,1,0,0
1,24.00000,2,0,2303.00000,1,4,4.00000,2,1,1.00000,0,45.00000,2,1,1.00000,2,1.00000,0,0,1
1,8.00000,4,0,3398.00000,1,3,1.00000,2,0,4.00000,0,39.00000,2,1,2.00000,1,1.00000,0,1,0
0,18.00000,1,0,6458.00000,1,4,2.00000,2,0,4.00000,3,39.00000,0,1,2.00000,3,2.00000,1,0,1
1,24.00000,4,1,6419.00000,1,4,2.00000,1,0,4.00000,3,44.00000,2,2,2.00000,3,2.00000,1,0,0
0,12.00000,2,0,640.00000,1,2,4.00000,0,0,2.00000,0,49.00000,2,1,1.00000,1,1.00000,0,0,0
2,9.00000,4,2,1919.00000,1,3,4.00000,2,0,3.00000,2,35.00000,2,0,1.00000,2,1.00000,1,0,0
1,28.00000,2,0,4006.00000,1,2,3.00000,2,0,2.00000,2,45.00000,2,1,1.00000,1,1.00000,0,0,1
0,6.00000,1,0,783.00000,0,2,1.00000,2,2,2.00000,0,26.00000,1,1,1.00000,1,2.00000,0,0,0
1,24.00000,3,3,1659.00000,1,1,4.00000,1,0,2.00000,2,29.00000,2,0,1.00000,1,1.00000,1,0,1
2,15.00000,4,9,2326.00000,3,2,2.00000,2,0,4.00000,2,27.00000,0,1,1.00000,2,1.00000,0,0,0
0,24.00000,4,1,5804.00000,4,2,4.00000,2,0,2.00000,0,27.00000,2,1,2.00000,2,1.00000,0,0,0
1,24.00000,2,1,2924.00000,1,2,3.00000,2,2,4.00000,3,63.00000,0,1,1.00000,2,2.00000,1,0,0
2,48.00000,3,6,6224.00000,1,4,4.00000,2,0,4.00000,3,50.00000,2,2,1.00000,2,1.00000,0,0,1
1,27.00000,0,9,5293.00000,1,0,2.00000,2,0,4.00000,1,50.00000,1,1,2.00000,2,1.00000,1,0,1
1,48.00000,2,1,10297.00000,1,3,4.00000,2,0,4.00000,3,39.00000,1,2,3.00000,2,2.00000,1,0,1
0,18.00000,2,0,6761.00000,0,2,2.00000,2,0,4.00000,2,68.00000,2,0,2.00000,2,1.00000,0,0,1
2,48.00000,1,9,3566.00000,2,3,4.00000,2,0,2.00000,2,30.00000,2,1,1.00000,2,1.00000,0,0,0
3,15.00000,4,3,1271.00000,0,2,3.00000,2,0,4.00000,3,39.00000,2,2,2.00000,2,1.00000,1,0,1
0,15.00000,2,1,4657.00000,1,2,3.00000,2,0,2.00000,2,30.00000,2,1,1.00000,2,1.00000,1,0,0
1,42.00000,2,3,3965.00000,1,1,4.00000,2,0,3.00000,2,34.00000,2,1,1.00000,2,1.00000,0,0,1
1,6.00000,1,6,1198.00000,1,4,4.00000,1,0,4.00000,3,35.00000,2,2,1.00000,2,1.00000,0,0,1
1,12.00000,2,3,2214.00000,1,2,4.00000,2,0,3.00000,1,24.00000,2,1,1.00000,1,1.00000,0,0,0
0,24.00000,2,1,5433.00000,0,0,2.00000,1,0,4.00000,1,26.00000,2,0,1.00000,3,1.00000,1,0,0
1,12.00000,2,6,684.00000,1,2,4.00000,2,0,4.00000,2,40.00000,2,0,1.00000,1,2.00000,0,0,1
3,15.00000,2,3,2327.00000,1,1,2.00000,1,0,3.00000,0,25.00000,2,1,1.00000,1,1.00000,0,0,1
0,10.00000,2,1,2901.00000,0,1,1.00000,1,0,4.00000,0,31.00000,2,0,1.00000,2,1.00000,0,0,0
2,36.00000,2,3,2323.00000,1,3,4.00000,2,0,4.00000,2,24.00000,2,0,1.00000,2,1.00000,0,0,0
0,15.00000,2,2,2186.00000,0,3,1.00000,1,0,4.00000,0,33.00000,0,0,1.00000,1,1.00000,0,0,0
0,12.00000,4,6,2012.00000,0,3,4.00000,1,0,2.00000,2,61.00000,2,1,1.00000,2,1.00000,0,0,0
0,24.00000,4,3,1851.00000,1,3,4.00000,3,2,2.00000,2,33.00000,2,1,2.00000,2,1.00000,1,0,0
0,6.00000,2,6,1538.00000,1,1,1.00000,1,0,2.00000,3,56.00000,2,1,1.00000,2,1.00000,0,0,0
0,11.00000,4,0,7228.00000,1,2,1.00000,2,0,4.00000,1,39.00000,2,1,2.00000,1,1.00000,0,0,0
0,12.00000,2,2,1123.00000,3,2,4.00000,1,0,4.00000,2,29.00000,2,0,1.00000,1,1.00000,0,0,1
2,30.00000,4,2,8386.00000,1,3,2.00000,2,0,2.00000,1,49.00000,2,1,1.00000,2,1.00000,0,0,1
1,24.00000,4,1,2957.00000,1,4,4.00000,2,0,4.00000,1,63.00000,2,1,2.00000,2,1.00000,1,0,0
0,18.00000,4,3,629.00000,3,4,4.00000,2,0,3.00000,1,32.00000,0,1,2.00000,3,1.00000,1,0,0
2,18.00000,2,5,3872.00000,1,0,2.00000,1,0,4.00000,2,67.00000,2,1,1.00000,2,1.00000,1,0,0
1,24.00000,2,0,1207.00000,1,1,4.00000,1,0,4.00000,1,24.00000,2,0,1.00000,2,1.00000,0,0,1
1,18.00000,2,3,3190.00000,1,2,2.00000,1,0,2.00000,0,24.00000,2,1,1.00000,2,1.00000,0,0,1
0,15.00000,4,3,1829.00000,1,4,4.00000,2,0,4.00000,2,46.00000,2,1,2.00000,2,1.00000,1,0,0
2,24.00000,2,1,4113.00000,3,1,3.00000,1,0,4.00000,2,28.00000,2,0,1.00000,2,1.00000,0,0,1
0,12.00000,4,0,1255.00000,1,4,4.00000,2,0,4.00000,0,61.00000,2,1,2.00000,1,1.00000,0,0,0
1,14.00000,2,0,3973.00000,1,0,1.00000,2,0,4.00000,3,22.00000,2,2,1.00000,2,1.00000,0,0,0
2,30.00000,2,3,2991.00000,0,4,2.00000,1,0,4.00000,2,25.00000,2,1,1.00000,2,1.00000,0,0,0
1,12.00000,0,5,1108.00000,1,3,4.00000,2,0,3.00000,0,28.00000,2,1,2.00000,2,1.00000,0,0,1
1,18.00000,2,0,976.00000,1,1,1.00000,1,0,2.00000,2,23.00000,2,1,1.00000,1,1.00000,0,0,1
1,8.00000,4,10,1164.00000,1,4,3.00000,2,0,4.00000,3,51.00000,0,2,2.00000,3,2.00000,1,0,0
2,42.00000,1,1,9283.00000,1,0,1.00000,2,0,2.00000,3,55.00000,0,2,1.00000,3,1.00000,1,0,0
1,18.00000,0,9,3104.00000,1,3,3.00000,2,0,1.00000,1,31.00000,0,1,1.00000,2,1.00000,1,0,0
0,36.00000,3,9,9572.00000,1,1,1.00000,0,0,1.00000,2,28.00000,2,1,2.00000,2,1.00000,0,0,1
1,18.00000,2,2,2659.00000,4,2,4.00000,2,0,2.00000,2,28.00000,2,1,1.00000,2,1.00000,0,0,0
0,24.00000,2,2,929.00000,0,3,4.00000,2,0,2.00000,2,31.00000,1,1,1.00000,2,1.00000,1,0,0
0,24.00000,2,0,1474.00000,2,1,4.00000,3,0,3.00000,0,33.00000,2,1,1.00000,2,1.00000,1,0,0
0,24.00000,2,3,1552.00000,1,3,3.00000,2,0,1.00000,2,32.00000,0,1,1.00000,2,2.00000,0,0,0
0,24.00000,2,8,937.00000,1,1,4.00000,3,0,3.00000,2,27.00000,2,1,2.00000,1,1.00000,0,0,0
2,36.00000,3,0,2862.00000,2,4,4.00000,2,0,3.00000,3,30.00000,2,2,1.00000,2,1.00000,0,0,0
2,18.00000,4,3,1245.00000,1,2,4.00000,3,0,2.00000,2,33.00000,2,1,1.00000,2,1.00000,0,0,1
1,8.00000,4,0,731.00000,1,4,4.00000,2,0,4.00000,0,47.00000,2,1,2.00000,1,1.00000,0,0,0
2,36.00000,2,0,14318.00000,1,4,4.00000,2,0,2.00000,3,57.00000,2,2,1.00000,3,1.00000,1,0,1
1,12.00000,2,2,1262.00000,0,4,2.00000,0,0,4.00000,1,49.00000,2,1,1.00000,1,1.00000,1,0,0
1,6.00000,4,0,860.00000,1,4,1.00000,1,0,4.00000,3,39.00000,2,1,2.00000,2,1.00000,1,0,0
0,21.00000,2,0,2782.00000,3,3,1.00000,1,0,2.00000,2,31.00000,0,1,1.00000,3,1.00000,0,0,0
2,18.00000,4,2,1295.00000,1,1,4.00000,1,0,1.00000,1,27.00000,2,1,2.00000,2,1.00000,0,0,0
1,24.00000,0,2,4110.00000,1,4,3.00000,2,0,4.00000,3,23.00000,0,0,2.00000,2,2.00000,0,0,1
0,36.00000,2,1,8133.00000,1,2,1.00000,1,0,2.00000,1,30.00000,0,1,1.00000,2,1.00000,0,0,0
0,24.00000,2,3,1901.00000,2,2,4.00000,2,0,4.00000,2,29.00000,2,0,1.00000,3,1.00000,1,0,0
2,12.00000,2,9,841.00000,2,3,2.00000,1,0,4.00000,0,23.00000,2,0,1.00000,1,1.00000,0,0,0
1,12.00000,2,2,2578.00000,1,0,3.00000,1,0,4.00000,3,55.00000,2,2,1.00000,3,1.00000,0,0,0
0,24.00000,4,2,2028.00000,1,3,2.00000,2,0,2.00000,1,30.00000,2,1,2.00000,1,1.00000,0,0,0
2,48.00000,2,0,8487.00000,0,3,1.00000,1,0,2.00000,2,24.00000,2,1,1.00000,2,1.00000,0,0,0
2,48.00000,2,10,5381.00000,0,0,3.00000,2,0,4.00000,3,40.00000,0,2,1.00000,0,1.00000,1,0,0
1,6.00000,2,4,343.00000,1,1,4.00000,1,0,1.00000,0,27.00000,2,1,1.00000,2,1.00000,0,0,0
2,21.00000,2,9,1188.00000,1,4,2.00000,1,0,4.00000,1,39.00000,2,1,1.00000,2,2.00000,0,0,1
2,24.00000,2,3,3758.00000,3,0,1.00000,1,0,4.00000,3,23.00000,2,0,1.00000,0,1.00000,0,0,0
0,15.00000,4,2,3343.00000,1,2,4.00000,2,0,2.00000,3,28.00000,2,2,1.00000,2,1.00000,1,0,0
2,12.00000,2,0,888.00000,1,4,4.00000,2,0,4.00000,2,41.00000,0,1,1.00000,1,2.00000,0,0,1
0,9.00000,4,2,2406.00000,1,0,2.00000,2,0,3.00000,2,31.00000,2,1,1.00000,3,1.00000,0,0,0
3,9.00000,0,3,1337.00000,1,1,4.00000,2,0,2.00000,2,34.00000,2,1,2.00000,3,1.00000,1,0,1
2,60.00000,3,3,7418.00000,0,2,1.00000,2,0,1.00000,0,27.00000,2,1,1.00000,1,1.00000,0,0,0
1,18.00000,2,3,2600.00000,1,2,4.00000,2,0,4.00000,3,65.00000,2,2,2.00000,2,1.00000,0,0,1
0,12.00000,4,3,976.00000,0,4,4.00000,2,0,4.00000,2,35.00000,2,1,2.00000,2,1.00000,0,0,0
0,24.00000,2,3,3621.00000,2,4,2.00000,2,0,4.00000,2,31.00000,2,1,2.00000,2,1.00000,0,0,1
1,15.00000,4,2,1433.00000,1,2,4.00000,1,0,3.00000,1,25.00000,2,0,2.00000,2,1.00000,0,0,0
2,21.00000,2,2,3976.00000,0,3,2.00000,2,0,3.00000,2,35.00000,2,1,1.00000,2,1.00000,1,0,0
0,24.00000,1,9,1559.00000,1,3,4.00000,2,0,4.00000,2,50.00000,0,1,1.00000,2,1.00000,1,0,0
0,24.00000,2,1,3488.00000,2,3,3.00000,1,0,4.00000,2,23.00000,2,1,1.00000,2,1.00000,0,0,0
0,36.00000,2,2,3349.00000,1,2,4.00000,1,0,2.00000,2,28.00000,2,1,1.00000,3,1.00000,1,0,1
0,27.00000,4,2,4526.00000,4,1,4.00000,2,0,2.00000,0,32.00000,1,1,2.00000,1,2.00000,1,0,0
1,24.00000,4,0,1199.00000,1,4,4.00000,2,0,4.00000,2,60.00000,2,1,2.00000,1,1.00000,0,0,1
0,9.00000,2,3,1478.00000,1,3,4.00000,2,0,2.00000,2,22.00000,2,1,1.00000,2,1.00000,0,0,1
1,18.00000,2,0,2249.00000,2,3,4.00000,2,0,3.00000,2,30.00000,2,1,1.00000,3,2.00000,1,0,0
0,30.00000,4,3,3077.00000,0,4,3.00000,2,0,2.00000,2,40.00000,2,1,2.00000,2,2.00000,1,0,0
1,18.00000,2,2,2473.00000,1,0,4.00000,2,0,1.00000,2,25.00000,2,1,1.00000,0,1.00000,0,0,1
0,10.00000,4,2,2069.00000,0,2,2.00000,3,0,1.00000,2,26.00000,2,1,2.00000,2,1.00000,0,1,0
1,24.00000,2,0,4817.00000,1,3,2.00000,2,1,3.00000,1,31.00000,2,1,1.00000,2,1.00000,1,0,1
1,42.00000,3,3,4370.00000,1,3,3.00000,2,0,2.00000,1,26.00000,0,1,2.00000,2,2.00000,1,0,1
0,12.00000,4,3,2331.00000,0,4,1.00000,2,1,4.00000,0,49.00000,2,1,1.00000,2,1.00000,1,0,0
2,18.00000,0,2,3244.00000,1,2,1.00000,1,0,4.00000,2,33.00000,0,1,2.00000,2,1.00000,1,0,0
2,36.00000,1,4,3990.00000,0,1,3.00000,1,0,2.00000,3,29.00000,0,1,1.00000,0,1.00000,0,0,0
1,15.00000,0,0,950.00000,1,4,4.00000,2,0,3.00000,2,33.00000,2,0,2.00000,2,2.00000,0,0,1
3,18.00000,2,0,1961.00000,1,4,3.00000,1,0,2.00000,2,23.00000,2,1,1.00000,3,1.00000,0,0,0
1,12.00000,2,2,1289.00000,1,2,4.00000,2,2,1.00000,1,21.00000,2,1,1.00000,1,1.00000,0,0,0
0,18.00000,4,0,1055.00000,1,1,4.00000,1,0,1.00000,1,30.00000,2,1,2.00000,2,1.00000,0,0,0
0,21.00000,3,1,2993.00000,1,2,3.00000,2,0,2.00000,0,28.00000,1,1,2.00000,1,1.00000,0,0,0
0,6.00000,3,3,932.00000,1,2,3.00000,1,0,2.00000,0,24.00000,2,1,1.00000,2,1.00000,0,0,0
3,10.00000,2,4,1225.00000,1,2,2.00000,2,0,2.00000,2,37.00000,2,1,1.00000,2,1.00000,1,0,0
0,4.00000,4,3,1544.00000,1,3,2.00000,2,0,1.00000,0,42.00000,2,1,3.00000,1,2.00000,0,0,0
2,6.00000,3,9,1449.00000,2,4,1.00000,0,0,2.00000,2,31.00000,0,1,2.00000,2,2.00000,0,0,0
0,9.00000,2,2,1313.00000,1,4,1.00000,2,0,4.00000,2,20.00000,2,1,1.00000,2,1.00000,0,0,0
0,10.00000,4,2,2146.00000,1,1,1.00000,1,0,3.00000,0,23.00000,2,0,2.00000,2,1.00000,0,0,0
1,6.00000,4,0,609.00000,1,3,4.00000,1,0,3.00000,1,37.00000,2,1,2.00000,2,1.00000,0,1,0
1,30.00000,2,2,3108.00000,1,1,2.00000,0,0,4.00000,1,31.00000,2,1,1.00000,1,1.00000,0,0,1
2,9.00000,4,6,1136.00000,4,4,4.00000,2,0,3.00000,3,32.00000,2,2,2.00000,2,2.00000,0,0,1
0,12.00000,2,0,3527.00000,0,1,2.00000,2,0,3.00000,1,45.00000,2,1,1.00000,3,2.00000,1,0,0
2,12.00000,3,3,585.00000,1,2,4.00000,3,1,4.00000,0,20.00000,2,0,2.00000,2,1.00000,0,0,0
1,15.00000,4,2,975.00000,1,2,2.00000,0,0,3.00000,1,25.00000,2,1,2.00000,2,1.00000,0,0,0
0,36.00000,3,2,7678.00000,3,3,2.00000,1,0,4.00000,2,40.00000,2,1,2.00000,2,1.00000,1,0,0
0,12.00000,4,6,2748.00000,1,4,2.00000,1,0,4.00000,3,57.00000,0,2,3.00000,1,1.00000,0,0,0
2,24.00000,3,9,6967.00000,2,3,4.00000,2,0,4.00000,2,36.00000,2,0,1.00000,3,1.00000,1,0,0
2,36.00000,2,5,2384.00000,1,1,4.00000,2,0,1.00000,3,33.00000,2,0,1.00000,1,1.00000,0,0,1
1,30.00000,2,2,3622.00000,4,4,4.00000,1,0,4.00000,1,57.00000,2,0,2.00000,2,1.00000,1,0,0
1,18.00000,4,2,2124.00000,1,2,4.00000,1,0,4.00000,0,24.00000,2,0,2.00000,2,1.00000,0,0,1
0,60.00000,3,3,15653.00000,1,3,2.00000,2,0,4.00000,2,21.00000,2,1,2.00000,2,1.00000,1,0,0
0,9.00000,2,0,2507.00000,3,4,2.00000,2,0,4.00000,3,51.00000,2,2,1.00000,1,1.00000,0,0,0
1,36.00000,2,1,8335.00000,0,4,3.00000,2,0,4.00000,3,47.00000,2,2,1.00000,2,1.00000,0,0,1
0,12.00000,2,2,1574.00000,1,2,4.00000,2,0,2.00000,0,50.00000,2,1,1.00000,2,1.00000,0,0,0
2,12.00000,4,1,1860.00000,1,0,4.00000,2,0,2.00000,2,34.00000,2,1,2.00000,3,1.00000,1,0,0
3,10.00000,2,0,3949.00000,1,1,1.00000,2,2,1.00000,1,37.00000,2,1,1.00000,1,2.00000,0,0,0
0,15.00000,4,3,1360.00000,1,2,4.00000,2,0,2.00000,1,31.00000,2,1,2.00000,2,1.00000,0,0,0
2,24.00000,2,3,3092.00000,2,1,3.00000,3,0,2.00000,2,22.00000,2,0,1.00000,2,1.00000,1,0,1
0,24.00000,2,3,3181.00000,1,1,4.00000,1,0,4.00000,1,26.00000,2,1,1.00000,2,1.00000,1,0,0
2,12.00000,2,3,1103.00000,1,3,4.00000,2,2,3.00000,0,29.00000,2,1,2.00000,2,1.00000,0,1,0
2,12.00000,4,2,3617.00000,1,4,1.00000,2,0,4.00000,2,28.00000,2,0,3.00000,2,1.00000,1,0,0
0,18.00000,2,0,2662.00000,0,3,4.00000,2,0,3.00000,1,32.00000,2,1,1.00000,2,1.00000,0,1,0
0,6.00000,4,0,2080.00000,3,2,1.00000,3,0,2.00000,2,24.00000,2,1,1.00000,2,1.00000,0,0,0
2,12.00000,4,0,1995.00000,2,1,4.00000,2,0,1.00000,2,27.00000,2,1,1.00000,2,1.00000,0,0,0
0,12.00000,4,9,1185.00000,1,2,3.00000,1,0,2.00000,0,27.00000,2,1,2.00000,2,1.00000,0,0,0
0,24.00000,2,3,2397.00000,3,4,3.00000,2,0,2.00000,2,35.00000,0,1,2.00000,2,1.00000,1,0,1
2,36.00000,2,6,2273.00000,1,3,3.00000,2,0,1.00000,2,32.00000,2,1,2.00000,2,2.00000,0,0,0
3,4.00000,2,0,1494.00000,0,1,1.00000,2,0,2.00000,0,29.00000,2,1,1.00000,1,2.00000,0,1,0
3,12.00000,2,2,1424.00000,0,4,3.00000,1,0,4.00000,0,55.00000,2,1,1.00000,3,1.00000,1,0,0
0,30.00000,1,1,7485.00000,0,0,4.00000,1,0,1.00000,0,53.00000,0,1,1.00000,3,1.00000,1,0,1
1,24.00000,4,1,6615.00000,1,0,2.00000,2,0,4.00000,3,75.00000,2,2,2.00000,3,1.00000,1,0,0
1,12.00000,2,3,674.00000,2,3,4.00000,3,0,1.00000,1,20.00000,2,1,1.00000,2,1.00000,0,0,1
1,12.00000,2,8,902.00000,1,3,4.00000,3,0,4.00000,1,21.00000,2,0,1.00000,2,1.00000,0,0,1
2,9.00000,2,9,1391.00000,1,2,2.00000,3,0,1.00000,0,27.00000,0,1,1.00000,2,1.00000,1,0,0
1,18.00000,1,3,1940.00000,1,1,3.00000,2,1,4.00000,3,36.00000,0,2,1.00000,3,1.00000,1,0,0
2,9.00000,2,0,276.00000,1,2,4.00000,3,0,4.00000,0,22.00000,2,0,1.00000,1,1.00000,0,0,0
0,24.00000,2,3,3235.00000,3,4,3.00000,0,0,2.00000,2,26.00000,2,1,1.00000,3,1.00000,1,0,0
2,12.00000,2,3,1567.00000,1,2,1.00000,1,0,1.00000,2,22.00000,2,1,1.00000,2,1.00000,1,0,0
0,30.00000,4,1,7596.00000,0,4,1.00000,2,0,4.00000,2,63.00000,2,1,2.00000,2,1.00000,0,0,0
3,24.00000,2,3,1258.00000,3,2,3.00000,1,0,3.00000,2,57.00000,2,1,1.00000,1,1.00000,0,0,0
0,12.00000,2,3,776.00000,1,2,4.00000,3,0,2.00000,0,28.00000,2,1,1.00000,2,1.00000,0,0,0
2,48.00000,3,10,7582.00000,2,0,2.00000,2,0,4.00000,3,31.00000,2,2,1.00000,3,1.00000,1,0,0
0,27.00000,3,1,8613.00000,4,2,2.00000,2,0,2.00000,2,27.00000,2,1,2.00000,2,1.00000,0,0,0
1,12.00000,4,0,2122.00000,1,2,3.00000,2,0,2.00000,0,39.00000,2,0,2.00000,1,2.00000,0,1,0
3,24.00000,2,3,5152.00000,1,3,4.00000,2,0,2.00000,2,25.00000,0,1,1.00000,2,1.00000,0,0,0
1,18.00000,2,0,1216.00000,1,1,4.00000,1,0,3.00000,2,23.00000,2,0,1.00000,2,1.00000,1,0,1
0,21.00000,2,9,1572.00000,4,4,4.00000,1,0,4.00000,0,36.00000,0,1,1.00000,1,1.00000,0,0,0
1,14.00000,2,0,8978.00000,1,4,1.00000,0,0,4.00000,1,45.00000,2,1,1.00000,3,1.00000,1,1,1
1,24.00000,2,9,6568.00000,1,2,2.00000,3,0,2.00000,2,21.00000,1,1,1.00000,1,1.00000,0,0,0
0,9.00000,4,3,3074.00000,0,2,1.00000,2,0,2.00000,0,33.00000,2,1,2.00000,2,2.00000,0,0,0
2,48.00000,0,9,14421.00000,1,2,2.00000,2,0,2.00000,2,25.00000,2,1,1.00000,2,1.00000,1,0,1
1,24.00000,1,2,3552.00000,1,3,3.00000,2,0,4.00000,2,27.00000,0,1,1.00000,2,1.00000,0,0,1
0,12.00000,4,2,1258.00000,1,1,2.00000,1,0,4.00000,1,22.00000,2,0,2.00000,1,1.00000,0,0,0
2,6.00000,1,6,433.00000,4,1,4.00000,1,0,2.00000,1,24.00000,0,0,1.00000,2,2.00000,0,0,1
0,24.00000,3,9,2375.00000,3,2,4.00000,2,0,2.00000,2,44.00000,2,1,2.00000,2,2.00000,1,0,0
0,36.00000,3,9,7980.00000,0,1,4.00000,2,0,4.00000,2,27.00000,2,0,2.00000,2,1.00000,1,0,1
0,30.00000,2,3,2333.00000,3,4,4.00000,2,0,2.00000,2,30.00000,0,1,1.00000,3,1.00000,0,0,0
0,12.00000,2,3,1262.00000,1,2,3.00000,2,0,2.00000,2,25.00000,2,1,1.00000,2,1.00000,0,0,0
3,24.00000,4,9,1275.00000,4,2,2.00000,0,0,4.00000,0,36.00000,2,1,2.00000,2,1.00000,1,0,0
2,12.00000,4,0,2366.00000,3,3,3.00000,0,0,3.00000,2,36.00000,2,1,1.00000,3,1.00000,1,0,0
2,18.00000,2,3,1301.00000,1,4,4.00000,3,2,2.00000,0,32.00000,2,1,1.00000,1,1.00000,0,0,0
1,24.00000,1,3,1546.00000,1,3,4.00000,2,2,4.00000,2,24.00000,0,0,1.00000,1,1.00000,0,0,1
0,15.00000,2,3,1213.00000,3,4,4.00000,2,0,3.00000,1,47.00000,1,1,1.00000,2,1.00000,1,0,0
2,6.00000,2,3,590.00000,1,1,3.00000,3,0,3.00000,0,26.00000,2,1,1.00000,1,1.00000,0,1,0
0,4.00000,4,0,3380.00000,1,3,1.00000,1,0,1.00000,0,37.00000,2,1,1.00000,2,2.00000,0,0,0
2,12.00000,2,3,1331.00000,1,1,2.00000,2,0,1.00000,2,22.00000,1,1,1.00000,2,1.00000,0,0,1
1,21.00000,3,6,3414.00000,1,1,2.00000,2,0,1.00000,1,26.00000,2,1,2.00000,2,1.00000,0,0,1
0,12.00000,1,8,3447.00000,3,2,4.00000,1,0,3.00000,0,35.00000,2,1,1.00000,1,2.00000,0,0,0
0,12.00000,4,3,1934.00000,1,4,2.00000,2,0,2.00000,3,26.00000,2,1,2.00000,2,1.00000,0,0,0
0,27.00000,3,9,5117.00000,1,3,3.00000,2,0,4.00000,2,26.00000,2,1,2.00000,2,1.00000,0,0,0
0,12.00000,4,2,1935.00000,1,4,4.00000,2,0,4.00000,0,43.00000,2,1,3.00000,2,1.00000,1,0,0
1,36.00000,2,2,2712.00000,1,4,2.00000,2,0,2.00000,1,41.00000,0,1,1.00000,2,2.00000,0,0,1
2,9.00000,4,6,1501.00000,1,4,2.00000,1,0,3.00000,2,34.00000,2,1,2.00000,3,1.00000,1,0,1
1,48.00000,2,1,4788.00000,1,3,4.00000,2,0,3.00000,1,26.00000,2,1,1.00000,2,2.00000,0,0,0
1,12.00000,4,0,691.00000,1,4,4.00000,2,0,3.00000,1,35.00000,2,1,2.00000,2,1.00000,0,0,1
1,60.00000,2,9,7297.00000,1,4,4.00000,2,1,4.00000,3,36.00000,2,0,1.00000,2,1.00000,0,0,1
2,24.00000,3,2,2064.00000,1,0,3.00000,1,0,2.00000,1,34.00000,2,1,1.00000,3,1.00000,1,0,1
3,12.00000,4,0,1480.00000,3,0,2.00000,2,0,4.00000,3,66.00000,0,2,3.00000,0,1.00000,0,0,0
2,12.00000,2,3,1158.00000,3,2,3.00000,0,0,1.00000,2,26.00000,2,1,1.00000,2,1.00000,1,0,0
0,18.00000,4,3,1169.00000,0,2,4.00000,2,0,3.00000,1,29.00000,2,1,2.00000,2,1.00000,1,0,0
0,20.00000,4,0,3485.00000,0,1,2.00000,0,0,4.00000,0,44.00000,2,1,2.00000,2,1.00000,1,0,0
0,36.00000,4,0,3535.00000,1,3,4.00000,2,0,4.00000,2,37.00000,2,1,2.00000,2,1.00000,1,0,0
1,9.00000,4,0,2799.00000,1,2,2.00000,2,0,2.00000,0,36.00000,2,0,2.00000,2,2.00000,0,0,0
0,15.00000,4,2,2788.00000,1,3,2.00000,1,1,3.00000,2,24.00000,0,1,2.00000,2,1.00000,0,0,0
2,12.00000,2,8,754.00000,0,4,4.00000,2,0,4.00000,1,38.00000,2,1,2.00000,2,1.00000,0,0,0
1,24.00000,1,0,1193.00000,1,0,1.00000,1,1,4.00000,3,29.00000,2,0,2.00000,0,1.00000,0,0,1
2,12.00000,2,3,1155.00000,1,4,3.00000,3,2,3.00000,0,40.00000,0,1,2.00000,1,1.00000,0,0,0
0,9.00000,2,6,3832.00000,0,4,1.00000,2,0,4.00000,0,64.00000,2,1,1.00000,1,1.00000,0,0,0
2,48.00000,0,10,18424.00000,1,2,1.00000,1,0,2.00000,1,32.00000,0,1,1.00000,3,1.00000,1,1,1
0,18.00000,0,9,4165.00000,1,2,2.00000,2,0,2.00000,2,36.00000,1,1,2.00000,2,2.00000,0,0,1
1,36.00000,2,1,5493.00000,1,4,2.00000,2,0,4.00000,3,42.00000,2,2,1.00000,2,2.00000,0,0,0
2,18.00000,4,0,884.00000,1,4,4.00000,2,0,4.00000,2,36.00000,0,1,1.00000,2,2.00000,1,0,1
0,18.00000,2,3,1126.00000,0,1,4.00000,1,0,2.00000,0,21.00000,2,0,1.00000,2,1.00000,1,0,0
1,18.00000,2,3,1345.00000,1,2,4.00000,3,0,3.00000,0,26.00000,0,1,1.00000,2,1.00000,0,0,1
3,42.00000,4,1,4796.00000,1,4,4.00000,2,0,4.00000,3,56.00000,2,2,1.00000,2,1.00000,0,0,0
0,15.00000,4,1,3368.00000,4,4,3.00000,2,0,4.00000,3,23.00000,2,0,2.00000,2,1.00000,1,0,0
0,9.00000,2,2,2301.00000,2,1,2.00000,1,0,4.00000,1,22.00000,2,0,1.00000,2,1.00000,0,0,0
0,9.00000,2,2,1980.00000,1,1,2.00000,1,1,2.00000,2,19.00000,2,0,2.00000,2,1.00000,0,0,1
0,6.00000,0,0,1204.00000,2,2,4.00000,2,0,1.00000,3,35.00000,0,0,1.00000,2,1.00000,0,1,0
1,12.00000,2,3,1498.00000,1,2,4.00000,1,0,1.00000,2,23.00000,0,1,1.00000,2,1.00000,0,0,0
1,27.00000,2,3,3416.00000,1,2,3.00000,2,0,2.00000,2,27.00000,2,1,1.00000,3,1.00000,0,0,0
2,24.00000,2,3,5084.00000,0,4,2.00000,1,0,4.00000,2,42.00000,2,1,1.00000,2,1.00000,1,0,0
2,45.00000,2,3,3031.00000,2,2,4.00000,2,2,4.00000,1,21.00000,2,0,1.00000,2,1.00000,0,0,1
0,36.00000,2,1,4686.00000,1,2,2.00000,2,0,2.00000,3,32.00000,2,2,1.00000,3,1.00000,1,0,0
1,21.00000,1,0,1647.00000,0,2,4.00000,2,0,2.00000,1,40.00000,2,1,2.00000,1,2.00000,0,0,1
0,12.00000,2,9,1076.00000,1,2,2.00000,3,0,2.00000,0,26.00000,2,1,1.00000,2,1.00000,1,1,0
2,18.00000,3,5,6204.00000,1,2,2.00000,2,0,4.00000,0,44.00000,2,1,1.00000,1,2.00000,1,0,0
2,30.00000,2,0,2150.00000,1,2,4.00000,1,2,2.00000,3,24.00000,0,1,1.00000,2,1.00000,0,0,1
0,24.00000,4,9,4526.00000,1,2,3.00000,2,0,2.00000,0,74.00000,2,1,1.00000,3,1.00000,1,0,0
0,12.00000,4,2,5801.00000,0,4,2.00000,2,0,4.00000,1,49.00000,2,0,1.00000,2,1.00000,1,0,0
0,24.00000,4,9,4139.00000,2,2,3.00000,2,0,3.00000,1,27.00000,2,1,2.00000,1,1.00000,1,0,0
3,24.00000,2,0,947.00000,1,3,4.00000,2,0,3.00000,3,38.00000,0,2,1.00000,2,2.00000,0,0,1
2,27.00000,4,3,2520.00000,3,2,4.00000,2,0,2.00000,1,23.00000,2,1,2.00000,1,1.00000,0,0,1
2,6.00000,2,3,753.00000,1,2,2.00000,1,2,3.00000,0,64.00000,2,1,1.00000,2,1.00000,0,0,0
1,24.00000,2,3,3660.00000,1,2,2.00000,1,0,4.00000,2,28.00000,2,1,1.00000,2,1.00000,0,0,0
2,15.00000,4,3,2728.00000,0,3,4.00000,2,2,2.00000,0,35.00000,0,1,3.00000,2,1.00000,1,0,0
2,12.00000,0,8,1410.00000,1,2,2.00000,2,0,2.00000,0,31.00000,2,1,1.00000,1,1.00000,1,0,0
0,15.00000,4,3,1459.00000,1,2,4.00000,1,0,2.00000,2,43.00000,2,1,1.00000,1,1.00000,0,0,0
1,18.00000,2,2,2039.00000,1,2,1.00000,1,0,4.00000,0,20.00000,0,0,1.00000,2,1.00000,0,0,1
2,18.00000,2,0,1042.00000,0,2,4.00000,1,0,2.00000,1,33.00000,2,1,1.00000,2,1.00000,0,0,1
0,24.00000,3,9,2978.00000,0,2,4.00000,2,0,4.00000,0,32.00000,2,1,2.00000,2,2.00000,1,0,0
2,30.00000,4,0,4249.00000,1,0,4.00000,3,0,2.00000,2,28.00000,2,1,2.00000,3,1.00000,0,0,1
2,36.00000,2,6,3711.00000,0,2,2.00000,3,0,2.00000,2,27.00000,2,1,1.00000,2,1.00000,0,0,0
2,60.00000,2,0,14027.00000,1,3,4.00000,2,0,2.00000,3,27.00000,2,1,1.00000,3,1.00000,1,0,1
0,6.00000,4,3,700.00000,0,4,4.00000,2,0,4.00000,3,36.00000,2,2,2.00000,2,1.00000,0,0,0
2,6.00000,3,0,1209.00000,1,0,4.00000,2,0,4.00000,1,47.00000,2,1,1.00000,3,1.00000,1,0,1
0,12.00000,4,6,3565.00000,0,1,2.00000,2,0,1.00000,1,37.00000,2,1,2.00000,1,2.00000,0,0,0
0,15.00000,3,3,1478.00000,1,2,4.00000,3,0,3.00000,0,33.00000,0,1,2.00000,2,1.00000,0,0,0
2,24.00000,3,0,1965.00000,0,2,4.00000,1,0,4.00000,2,42.00000,2,0,2.00000,2,1.00000,1,0,0
0,36.00000,2,3,3835.00000,0,4,2.00000,1,0,4.00000,0,45.00000,2,1,1.00000,1,1.00000,1,0,0
0,12.00000,4,5,996.00000,0,3,4.00000,1,0,4.00000,0,23.00000,2,1,2.00000,2,1.00000,0,0,0
2,36.00000,4,1,5800.00000,1,2,3.00000,2,0,4.00000,2,34.00000,2,1,2.00000,2,1.00000,1,0,0
0,4.00000,2,2,601.00000,1,1,1.00000,1,0,3.00000,0,23.00000,2,0,1.00000,1,2.00000,0,0,0
2,18.00000,3,0,2899.00000,0,4,4.00000,2,0,4.00000,2,43.00000,2,1,1.00000,2,2.00000,0,0,0
1,18.00000,2,2,1131.00000,1,0,4.00000,1,0,2.00000,2,33.00000,2,1,1.00000,2,1.00000,0,0,1
0,15.00000,2,2,2221.00000,3,2,2.00000,1,0,4.00000,2,20.00000,2,0,1.00000,2,1.00000,0,0,0
1,21.00000,2,3,1835.00000,1,2,3.00000,1,0,2.00000,0,25.00000,2,1,2.00000,2,1.00000,1,0,1
0,12.00000,2,0,2859.00000,0,0,4.00000,2,0,4.00000,3,38.00000,2,1,1.00000,3,1.00000,1,0,0
1,12.00000,2,3,1107.00000,1,2,2.00000,2,0,2.00000,0,20.00000,2,0,1.00000,3,2.00000,1,0,0
2,36.00000,3,0,7432.00000,1,2,2.00000,1,0,2.00000,1,54.00000,2,0,1.00000,2,1.00000,0,0,0
0,30.00000,4,3,5954.00000,1,3,3.00000,2,1,2.00000,2,38.00000,2,1,1.00000,2,1.00000,0,0,0
0,36.00000,2,0,3079.00000,0,2,4.00000,2,0,4.00000,0,36.00000,2,1,1.00000,2,1.00000,0,0,0
0,10.00000,2,0,1287.00000,0,4,4.00000,2,1,2.00000,1,45.00000,2,1,1.00000,1,1.00000,0,1,0
1,9.00000,2,2,2136.00000,1,2,3.00000,2,0,2.00000,0,25.00000,2,1,1.00000,2,1.00000,0,0,0
2,30.00000,0,9,4280.00000,2,2,4.00000,1,0,4.00000,2,26.00000,2,0,2.00000,1,1.00000,0,0,1
0,24.00000,2,9,1258.00000,1,3,4.00000,2,0,1.00000,0,25.00000,2,1,1.00000,2,1.00000,1,0,0
1,18.00000,2,3,1882.00000,1,2,4.00000,1,0,4.00000,2,25.00000,0,0,2.00000,2,1.00000,0,0,1
0,18.00000,2,2,1533.00000,1,1,4.00000,3,1,1.00000,1,43.00000,2,1,1.00000,1,2.00000,0,0,1
1,36.00000,2,10,15857.00000,1,0,2.00000,0,1,3.00000,2,43.00000,2,1,1.00000,3,1.00000,0,0,0
2,12.00000,2,3,1484.00000,0,2,2.00000,3,0,1.00000,0,25.00000,2,1,1.00000,2,1.00000,1,0,1
1,15.00000,2,4,1275.00000,0,2,4.00000,1,0,2.00000,2,24.00000,2,0,1.00000,2,1.00000,0,0,1
2,54.00000,0,9,15945.00000,1,1,3.00000,2,0,4.00000,3,58.00000,2,0,1.00000,2,1.00000,1,0,1
2,15.00000,2,5,1514.00000,2,2,4.00000,2,2,2.00000,0,22.00000,2,1,1.00000,2,1.00000,0,0,0
1,30.00000,0,9,8072.00000,0,1,2.00000,2,0,3.00000,2,25.00000,0,1,3.00000,2,1.00000,0,0,0
0,22.00000,2,0,1283.00000,0,3,4.00000,1,0,4.00000,1,25.00000,2,0,1.00000,2,1.00000,0,0,0
2,30.00000,1,2,3496.00000,4,2,4.00000,2,0,2.00000,2,34.00000,1,1,1.00000,2,2.00000,1,0,0
2,24.00000,2,0,1201.00000,1,1,4.00000,2,0,1.00000,1,26.00000,2,1,1.00000,2,1.00000,0,0,0
3,9.00000,2,3,745.00000,1,2,3.00000,1,0,2.00000,0,28.00000,2,1,1.00000,1,1.00000,0,0,1
0,48.00000,4,1,11590.00000,2,2,2.00000,1,0,4.00000,2,24.00000,0,0,2.00000,1,1.00000,0,0,1
0,18.00000,4,3,1149.00000,4,2,4.00000,2,0,3.00000,0,46.00000,2,1,2.00000,2,1.00000,0,0,0
2,9.00000,2,3,1082.00000,1,4,4.00000,2,0,4.00000,2,27.00000,2,1,2.00000,1,1.00000,0,0,0
1,21.00000,2,3,2606.00000,1,1,4.00000,1,0,4.00000,1,28.00000,2,0,1.00000,3,1.00000,1,0,0
2,36.00000,3,0,2225.00000,1,4,4.00000,2,0,4.00000,3,57.00000,0,2,2.00000,2,1.00000,1,0,1
2,12.00000,2,0,2002.00000,1,3,3.00000,2,0,4.00000,1,30.00000,2,0,1.00000,2,2.00000,1,0,0
0,18.00000,4,0,2775.00000,1,3,2.00000,2,0,2.00000,1,31.00000,0,1,2.00000,2,1.00000,0,0,1
2,6.00000,2,3,2063.00000,1,1,4.00000,3,0,3.00000,2,30.00000,2,0,1.00000,3,1.00000,1,0,0
2,6.00000,2,3,368.00000,0,4,4.00000,2,0,4.00000,1,38.00000,2,1,1.00000,2,1.00000,0,0,0
1,12.00000,2,2,1657.00000,1,2,2.00000,2,0,2.00000,0,27.00000,2,1,1.00000,2,1.00000,0,0,0
1,48.00000,2,9,4308.00000,1,1,3.00000,1,0,4.00000,1,24.00000,2,0,1.00000,2,1.00000,0,0,1
1,24.00000,2,2,4169.00000,1,2,4.00000,2,0,4.00000,1,28.00000,2,1,1.00000,2,1.00000,0,0,0
0,24.00000,2,1,2679.00000,1,1,4.00000,1,0,1.00000,3,29.00000,2,1,1.00000,3,1.00000,1,0,0
1,36.00000,2,0,3249.00000,1,3,2.00000,2,0,4.00000,3,39.00000,0,2,1.00000,3,2.00000,1,0,0
2,72.00000,2,3,5595.00000,2,2,2.00000,3,0,2.00000,2,24.00000,2,1,1.00000,2,1.00000,0,0,1
1,21.00000,4,0,571.00000,1,4,4.00000,2,0,4.00000,0,65.00000,2,1,2.00000,2,1.00000,0,0,0
2,18.00000,3,2,4297.00000,1,4,4.00000,0,0,3.00000,3,40.00000,2,1,1.00000,3,1.00000,1,0,1
1,48.00000,2,3,6758.00000,1,2,3.00000,1,0,2.00000,2,31.00000,2,1,1.00000,2,1.00000,1,0,1
0,9.00000,2,3,2753.00000,2,4,3.00000,2,1,4.00000,2,35.00000,2,1,1.00000,2,1.00000,1,0,0
0,30.00000,4,3,5771.00000,1,3,4.00000,1,0,2.00000,2,25.00000,2,1,2.00000,2,1.00000,0,0,0
0,24.00000,2,2,3062.00000,3,4,4.00000,2,0,3.00000,3,32.00000,2,0,1.00000,2,1.00000,1,0,0
0,24.00000,4,6,1927.00000,0,2,3.00000,1,0,2.00000,2,33.00000,2,1,2.00000,2,1.00000,1,0,0
3,24.00000,2,2,2892.00000,1,4,3.00000,0,0,4.00000,3,51.00000,2,2,1.00000,2,1.00000,0,0,0
2,24.00000,3,9,4712.00000,0,2,4.00000,2,0,2.00000,1,37.00000,0,1,2.00000,3,1.00000,1,0,0
0,18.00000,3,3,2320.00000,1,0,2.00000,3,0,3.00000,0,34.00000,2,1,2.00000,2,1.00000,0,0,0
2,9.00000,2,3,1206.00000,1,4,4.00000,1,0,4.00000,0,25.00000,2,1,1.00000,2,1.00000,0,0,0
0,24.00000,3,0,2032.00000,1,4,4.00000,2,0,4.00000,3,60.00000,2,2,2.00000,2,1.00000,1,0,0
2,27.00000,0,9,8318.00000,1,4,2.00000,1,0,4.00000,3,42.00000,2,2,2.00000,3,1.00000,1,0,1
0,24.00000,2,1,9277.00000,0,2,2.00000,0,0,4.00000,3,48.00000,2,2,1.00000,2,1.00000,1,0,0
2,8.00000,2,9,907.00000,1,1,3.00000,3,0,2.00000,0,26.00000,2,1,1.00000,2,1.00000,1,0,0
2,6.00000,2,0,14555.00000,0,0,1.00000,2,0,2.00000,1,23.00000,2,1,1.00000,0,1.00000,1,0,1
2,26.00000,2,1,7966.00000,1,1,2.00000,2,0,3.00000,2,30.00000,2,1,2.00000,2,1.00000,0,0,0
0,24.00000,2,3,1413.00000,1,2,4.00000,3,0,2.00000,1,28.00000,2,1,1.00000,2,1.00000,0,0,0
2,6.00000,2,3,484.00000,1,3,3.00000,3,2,3.00000,0,28.00000,0,1,1.00000,1,1.00000,0,0,0
0,36.00000,2,3,2299.00000,3,4,4.00000,2,0,4.00000,2,39.00000,2,1,1.00000,2,1.00000,0,0,0
2,24.00000,3,2,2333.00000,0,1,4.00000,2,0,2.00000,1,29.00000,0,1,1.00000,1,1.00000,0,0,0
0,24.00000,4,3,2578.00000,4,4,2.00000,2,0,2.00000,2,34.00000,2,1,1.00000,2,1.00000,0,0,0
3,24.00000,2,2,1925.00000,1,2,2.00000,2,0,2.00000,0,26.00000,2,1,1.00000,2,1.00000,0,0,0
2,9.00000,2,2,959.00000,1,2,1.00000,1,0,2.00000,2,29.00000,2,1,1.00000,2,1.00000,0,1,1
0,48.00000,4,3,3578.00000,0,4,4.00000,2,0,1.00000,0,47.00000,2,1,1.00000,2,1.00000,1,0,0
0,9.00000,2,0,3577.00000,2,2,1.00000,2,2,2.00000,0,26.00000,2,0,1.00000,2,2.00000,0,1,0
2,24.00000,2,3,2039.00000,1,1,1.00000,3,0,1.00000,1,22.00000,2,1,1.00000,2,1.00000,1,0,1
0,24.00000,3,0,717.00000,0,4,4.00000,3,0,4.00000,2,54.00000,2,1,2.00000,2,1.00000,1,0,0
1,18.00000,2,2,3650.00000,1,1,1.00000,1,0,4.00000,2,22.00000,2,0,1.00000,2,1.00000,0,0,0
0,48.00000,2,9,4844.00000,1,0,3.00000,2,0,2.00000,2,33.00000,0,0,1.00000,3,1.00000,1,0,1
0,12.00000,2,2,1768.00000,1,2,3.00000,2,0,2.00000,0,24.00000,2,0,1.00000,1,1.00000,0,0,0
1,36.00000,2,1,8229.00000,1,2,2.00000,2,0,2.00000,1,26.00000,2,1,1.00000,2,2.00000,0,0,1
2,18.00000,2,0,5866.00000,2,2,2.00000,2,0,2.00000,2,30.00000,2,1,2.00000,2,1.00000,1,0,0
2,7.00000,2,3,2415.00000,1,2,3.00000,2,2,2.00000,0,34.00000,2,1,1.00000,2,1.00000,0,0,0
1,21.00000,2,3,3357.00000,4,1,4.00000,1,0,2.00000,2,29.00000,0,1,1.00000,2,1.00000,0,0,0
2,39.00000,3,6,11760.00000,2,3,2.00000,2,0,3.00000,3,32.00000,2,0,1.00000,2,1.00000,1,0,0
1,12.00000,0,0,1082.00000,1,2,4.00000,2,0,4.00000,2,48.00000,0,1,2.00000,2,1.00000,0,0,1
2,18.00000,2,0,6260.00000,1,3,3.00000,2,0,3.00000,0,28.00000,2,0,1.00000,1,1.00000,0,0,0
2,18.00000,2,1,12976.00000,1,0,3.00000,1,0,4.00000,3,38.00000,2,2,1.00000,3,1.00000,1,0,1
1,12.00000,2,6,1200.00000,0,2,4.00000,1,0,4.00000,1,23.00000,0,0,1.00000,2,1.00000,1,0,0
2,42.00000,4,9,5954.00000,1,3,2.00000,1,0,1.00000,0,41.00000,0,1,2.00000,1,1.00000,0,0,0
2,12.00000,2,3,1534.00000,1,1,1.00000,3,0,1.00000,0,23.00000,2,0,1.00000,2,1.00000,0,0,1
0,15.00000,3,1,3594.00000,1,1,1.00000,1,0,2.00000,1,46.00000,2,1,2.00000,1,1.00000,0,0,0
2,24.00000,2,1,12579.00000,1,4,4.00000,1,0,2.00000,3,44.00000,2,2,1.00000,3,1.00000,1,0,1
3,24.00000,2,2,3749.00000,1,1,2.00000,1,0,4.00000,2,26.00000,2,1,1.00000,2,1.00000,0,0,0
0,11.00000,2,9,2142.00000,4,4,1.00000,0,0,2.00000,0,28.00000,2,1,1.00000,2,1.00000,1,0,0
2,8.00000,2,3,760.00000,1,3,4.00000,1,2,2.00000,0,44.00000,2,1,1.00000,1,1.00000,0,0,0
1,6.00000,4,0,1361.00000,1,1,2.00000,2,0,4.00000,0,40.00000,2,1,1.00000,1,2.00000,0,1,0
0,21.00000,2,1,5248.00000,0,2,1.00000,2,0,3.00000,2,26.00000,2,1,1.00000,2,1.00000,0,0,0
2,30.00000,4,0,2181.00000,0,4,4.00000,2,0,4.00000,0,36.00000,2,1,2.00000,2,1.00000,0,0,0
1,12.00000,2,3,709.00000,1,4,4.00000,2,0,4.00000,0,57.00000,1,1,1.00000,1,1.00000,0,0,1
0,11.00000,4,0,1393.00000,1,1,4.00000,1,0,4.00000,2,35.00000,2,1,2.00000,3,1.00000,0,0,0
2,12.00000,2,3,2930.00000,1,3,2.00000,1,0,1.00000,0,27.00000,2,1,1.00000,2,1.00000,0,0,0
0,10.00000,2,0,1597.00000,3,2,3.00000,2,0,2.00000,3,40.00000,2,0,1.00000,1,2.00000,0,1,0
2,18.00000,4,9,1887.00000,0,2,4.00000,3,0,4.00000,0,28.00000,0,1,2.00000,2,1.00000,0,0,0
2,12.00000,4,3,3573.00000,1,2,1.00000,1,0,1.00000,0,23.00000,2,1,1.00000,1,1.00000,0,0,0
0,15.00000,2,6,4623.00000,2,2,3.00000,2,0,2.00000,1,40.00000,2,1,1.00000,3,1.00000,1,0,1
1,36.00000,2,0,9271.00000,1,3,2.00000,2,0,1.00000,2,24.00000,2,1,1.00000,2,1.00000,1,0,1
1,18.00000,2,6,750.00000,1,0,4.00000,1,0,1.00000,0,27.00000,2,1,1.00000,0,1.00000,0,0,1
0,18.00000,4,3,1098.00000,1,0,4.00000,1,0,4.00000,2,65.00000,2,1,2.00000,0,1.00000,0,0,0
0,24.00000,2,9,4591.00000,4,2,2.00000,2,0,3.00000,1,54.00000,2,1,3.00000,3,1.00000,1,0,1
0,6.00000,2,3,1595.00000,1,3,3.00000,2,0,2.00000,1,51.00000,2,1,1.00000,2,2.00000,0,0,0
1,24.00000,2,0,3123.00000,1,1,4.00000,1,0,1.00000,1,27.00000,2,1,1.00000,2,1.00000,0,0,1
0,24.00000,4,2,5150.00000,1,4,4.00000,2,0,4.00000,2,33.00000,2,1,1.00000,2,1.00000,1,0,0
2,9.00000,2,0,1549.00000,0,1,4.00000,2,0,2.00000,0,35.00000,2,1,1.00000,0,1.00000,0,0,0
2,30.00000,3,9,2503.00000,2,4,4.00000,2,0,2.00000,1,41.00000,1,1,2.00000,2,1.00000,0,0,0
0,6.00000,2,3,518.00000,1,2,3.00000,1,0,1.00000,0,29.00000,2,1,1.00000,2,1.00000,0,0,0
1,15.00000,3,2,3643.00000,1,4,1.00000,1,0,4.00000,1,27.00000,2,1,2.00000,1,1.00000,0,0,0
2,39.00000,4,3,4933.00000,1,3,2.00000,2,2,2.00000,0,25.00000,2,1,2.00000,2,1.00000,0,0,1
2,9.00000,2,3,1670.00000,1,1,4.00000,1,0,2.00000,2,22.00000,2,1,1.00000,2,1.00000,1,0,1
1,10.00000,2,3,2315.00000,1,4,3.00000,2,0,4.00000,0,52.00000,2,1,1.00000,1,1.00000,0,0,0
2,15.00000,2,3,1444.00000,0,1,4.00000,2,0,1.00000,1,23.00000,2,1,1.00000,2,1.00000,0,0,0
1,6.00000,4,0,4716.00000,0,1,1.00000,2,0,3.00000,0,44.00000,2,1,2.00000,1,2.00000,0,0,0
1,13.00000,4,9,1797.00000,1,1,3.00000,2,0,1.00000,1,28.00000,0,1,2.00000,1,1.00000,0,0,0
2,24.00000,4,1,7758.00000,4,4,2.00000,1,0,4.00000,3,29.00000,2,0,1.00000,2,1.00000,0,0,0
1,15.00000,2,0,1721.00000,1,1,2.00000,2,0,3.00000,0,36.00000,2,1,1.00000,2,1.00000,0,0,0
2,24.00000,2,3,2896.00000,2,1,2.00000,2,0,1.00000,2,29.00000,2,1,1.00000,2,1.00000,0,0,0
0,24.00000,4,3,2223.00000,2,4,4.00000,2,0,4.00000,1,52.00000,0,1,2.00000,2,1.00000,0,0,0
0,48.00000,3,3,12749.00000,3,3,4.00000,2,0,1.00000,2,37.00000,2,1,1.00000,3,1.00000,1,0,0
1,15.00000,2,0,3959.00000,1,2,3.00000,1,0,2.00000,1,29.00000,2,1,1.00000,2,1.00000,1,0,1
0,18.00000,3,9,2169.00000,1,2,4.00000,3,0,2.00000,2,28.00000,2,1,1.00000,2,1.00000,1,0,1
0,36.00000,4,1,11054.00000,0,2,4.00000,2,0,2.00000,2,30.00000,2,1,1.00000,3,1.00000,1,0,0
0,24.00000,2,2,2835.00000,3,4,3.00000,2,0,4.00000,1,53.00000,2,1,1.00000,2,1.00000,0,0,0
1,6.00000,4,3,338.00000,3,4,4.00000,2,0,4.00000,2,52.00000,2,1,2.00000,2,1.00000,0,0,0
0,36.00000,4,3,9566.00000,1,2,2.00000,1,0,2.00000,2,31.00000,1,1,2.00000,2,1.00000,0,0,0
0,60.00000,2,0,10366.00000,1,4,2.00000,2,0,4.00000,1,42.00000,2,1,1.00000,3,1.00000,1,0,0
2,9.00000,1,1,5129.00000,1,4,2.00000,1,0,4.00000,3,74.00000,0,2,1.00000,3,2.00000,1,0,1
1,10.00000,4,2,2132.00000,0,1,2.00000,1,1,3.00000,0,27.00000,2,0,2.00000,2,1.00000,0,1,0
0,36.00000,4,1,5842.00000,1,4,2.00000,2,0,2.00000,1,35.00000,2,1,2.00000,2,2.00000,1,0,0
2,15.00000,2,3,802.00000,1,4,4.00000,2,0,3.00000,2,37.00000,2,1,1.00000,2,2.00000,0,0,1
0,24.00000,4,0,2463.00000,2,3,4.00000,3,0,3.00000,1,27.00000,2,1,2.00000,2,1.00000,1,0,0
0,24.00000,4,3,2872.00000,2,4,3.00000,2,0,4.00000,0,36.00000,2,1,1.00000,2,2.00000,1,0,0
1,24.00000,2,3,1823.00000,1,0,4.00000,2,0,2.00000,2,30.00000,1,1,1.00000,3,2.00000,0,0,1
1,18.00000,3,6,8471.00000,0,2,1.00000,1,0,2.00000,2,23.00000,2,0,2.00000,2,1.00000,1,0,0
1,6.00000,4,0,3676.00000,1,2,1.00000,2,0,3.00000,0,37.00000,2,0,3.00000,2,2.00000,0,0,0
0,18.00000,2,2,1984.00000,1,2,4.00000,2,0,4.00000,3,47.00000,0,2,2.00000,2,1.00000,0,0,0
0,36.00000,4,0,7855.00000,1,2,4.00000,1,0,2.00000,0,25.00000,1,1,2.00000,2,1.00000,1,0,1
1,45.00000,0,9,11816.00000,1,4,2.00000,2,0,4.00000,2,29.00000,2,0,2.00000,2,1.00000,0,0,1
0,36.00000,2,3,2394.00000,0,2,4.00000,1,0,4.00000,2,25.00000,2,1,1.00000,2,1.00000,0,0,0
2,20.00000,3,1,7057.00000,0,3,3.00000,2,0,4.00000,1,36.00000,0,0,2.00000,3,2.00000,1,0,0
1,6.00000,4,2,3384.00000,1,2,1.00000,0,0,4.00000,0,44.00000,2,0,1.00000,3,1.00000,1,0,1
2,48.00000,0,9,12204.00000,0,2,2.00000,2,0,2.00000,2,48.00000,0,1,1.00000,3,1.00000,1,0,0
2,12.00000,2,2,951.00000,2,1,4.00000,1,0,4.00000,2,27.00000,0,0,4.00000,2,1.00000,0,0,1
0,12.00000,2,0,2390.00000,0,4,4.00000,2,0,3.00000,2,50.00000,2,1,1.00000,2,1.00000,1,0,0
1,24.00000,2,0,1285.00000,0,3,4.00000,1,0,4.00000,3,32.00000,2,0,1.00000,2,1.00000,0,0,1
0,9.00000,4,6,1244.00000,0,4,4.00000,1,0,4.00000,1,41.00000,2,0,2.00000,1,1.00000,0,0,0
1,36.00000,2,6,1977.00000,0,4,4.00000,2,0,4.00000,3,40.00000,2,1,1.00000,3,1.00000,1,0,1
0,15.00000,2,2,2708.00000,1,1,2.00000,2,0,3.00000,1,27.00000,0,1,2.00000,1,1.00000,0,0,0
2,7.00000,2,3,2576.00000,1,2,2.00000,2,2,2.00000,0,35.00000,2,1,1.00000,2,1.00000,0,0,0
0,6.00000,4,2,1221.00000,0,2,1.00000,3,0,2.00000,1,27.00000,2,1,2.00000,2,1.00000,0,0,0
0,18.00000,2,2,3422.00000,1,4,4.00000,2,0,4.00000,1,47.00000,0,1,3.00000,2,2.00000,1,0,0
1,12.00000,1,8,339.00000,1,4,4.00000,3,0,1.00000,2,45.00000,0,1,1.00000,1,1.00000,0,0,0
0,27.00000,2,5,5190.00000,0,4,4.00000,2,0,4.00000,1,48.00000,2,1,4.00000,2,2.00000,1,0,0
0,18.00000,3,2,1808.00000,1,3,4.00000,1,0,1.00000,0,22.00000,2,1,1.00000,2,1.00000,0,0,1
1,30.00000,2,5,11998.00000,1,1,1.00000,0,0,1.00000,3,34.00000,2,1,1.00000,1,1.00000,1,0,1
2,18.00000,2,9,1941.00000,4,2,4.00000,2,0,2.00000,1,35.00000,2,1,1.00000,1,1.00000,1,0,0
0,12.00000,4,3,618.00000,1,4,4.00000,2,0,4.00000,0,56.00000,2,1,1.00000,2,1.00000,0,0,0
0,10.00000,2,0,1418.00000,2,2,3.00000,2,0,2.00000,0,35.00000,2,0,1.00000,1,1.00000,0,1,0
0,12.00000,4,9,1412.00000,1,2,4.00000,1,2,2.00000,0,29.00000,2,1,2.00000,3,1.00000,1,0,0
1,48.00000,4,1,6331.00000,1,4,4.00000,2,0,4.00000,3,46.00000,2,2,2.00000,2,1.00000,1,0,1
1,12.00000,4,0,4843.00000,1,4,3.00000,2,1,4.00000,1,43.00000,2,0,2.00000,2,1.00000,1,0,1
2,9.00000,2,6,1199.00000,1,3,4.00000,1,0,4.00000,1,67.00000,2,1,2.00000,3,1.00000,1,0,0
1,12.00000,4,1,1409.00000,1,4,4.00000,2,0,3.00000,0,54.00000,2,1,1.00000,2,1.00000,0,0,0
2,13.00000,4,3,882.00000,1,1,4.00000,2,2,4.00000,0,23.00000,2,1,2.00000,2,1.00000,0,0,0
2,18.00000,2,9,2622.00000,2,2,4.00000,2,0,4.00000,2,34.00000,2,1,1.00000,2,1.00000,0,0,0
0,24.00000,2,2,5511.00000,2,2,4.00000,2,0,1.00000,2,25.00000,1,1,1.00000,2,1.00000,0,0,0
0,9.00000,2,2,1388.00000,1,2,4.00000,1,0,2.00000,0,26.00000,2,0,1.00000,2,1.00000,0,0,0
1,6.00000,2,2,1374.00000,1,2,1.00000,2,0,2.00000,0,36.00000,0,1,1.00000,1,1.00000,1,0,0
2,48.00000,2,0,6560.00000,2,3,3.00000,2,0,2.00000,1,24.00000,2,1,1.00000,2,1.00000,0,0,1
0,60.00000,2,3,10144.00000,2,3,2.00000,1,0,4.00000,0,21.00000,2,1,1.00000,2,1.00000,1,0,0
1,16.00000,4,0,2625.00000,1,4,2.00000,2,2,4.00000,1,43.00000,0,0,1.00000,2,1.00000,1,0,1
0,12.00000,4,2,3331.00000,1,4,2.00000,2,0,4.00000,1,42.00000,1,1,1.00000,2,1.00000,0,0,0
2,48.00000,1,0,12169.00000,0,0,4.00000,2,1,4.00000,3,36.00000,2,2,1.00000,3,1.00000,1,0,0
0,15.00000,2,3,1979.00000,0,4,4.00000,2,0,2.00000,2,35.00000,2,1,1.00000,2,1.00000,0,0,0
0,10.00000,2,0,1309.00000,0,2,4.00000,2,2,4.00000,1,27.00000,2,1,1.00000,1,1.00000,0,0,1
3,12.00000,4,0,939.00000,3,3,4.00000,3,0,2.00000,0,28.00000,2,1,3.00000,2,1.00000,1,0,1
2,21.00000,4,2,2745.00000,4,3,3.00000,2,0,2.00000,2,32.00000,2,1,2.00000,2,1.00000,1,0,0
1,12.00000,2,3,1680.00000,3,4,3.00000,3,0,1.00000,0,35.00000,2,1,1.00000,2,1.00000,0,0,0
1,36.00000,3,9,2145.00000,1,3,2.00000,2,0,1.00000,2,24.00000,2,1,2.00000,2,1.00000,1,0,1
2,36.00000,2,6,12612.00000,2,2,1.00000,2,0,4.00000,3,47.00000,2,2,1.00000,2,2.00000,1,0,1
1,12.00000,2,0,2579.00000,1,1,4.00000,2,0,1.00000,0,33.00000,2,1,1.00000,1,2.00000,0,0,1
1,36.00000,2,2,5179.00000,1,3,4.00000,2,0,2.00000,1,29.00000,2,1,1.00000,2,1.00000,0,0,1
1,24.00000,1,2,2828.00000,3,2,4.00000,2,0,4.00000,0,22.00000,1,1,1.00000,2,1.00000,1,0,0
1,24.00000,2,3,2439.00000,1,1,4.00000,1,0,4.00000,0,35.00000,2,1,1.00000,2,1.00000,1,0,1
2,24.00000,4,2,4736.00000,1,1,2.00000,1,0,4.00000,2,25.00000,0,1,1.00000,1,1.00000,0,0,1
1,48.00000,0,2,7119.00000,1,2,3.00000,2,0,4.00000,3,53.00000,2,2,2.00000,2,2.00000,0,0,1
0,10.00000,2,0,1364.00000,1,2,2.00000,1,0,4.00000,2,64.00000,2,1,1.00000,2,1.00000,1,0,0
0,12.00000,4,9,1264.00000,0,4,4.00000,2,0,4.00000,3,57.00000,2,0,1.00000,1,1.00000,0,0,0
0,15.00000,1,3,1569.00000,2,4,4.00000,2,0,4.00000,2,34.00000,0,1,1.00000,1,2.00000,0,0,0
0,15.00000,2,0,3556.00000,0,2,3.00000,2,0,2.00000,3,29.00000,2,1,1.00000,2,1.00000,0,0,0
2,15.00000,2,5,2631.00000,2,2,3.00000,1,0,2.00000,0,25.00000,2,1,1.00000,1,1.00000,0,0,0
1,12.00000,2,2,708.00000,1,2,2.00000,2,2,3.00000,1,38.00000,2,1,1.00000,1,2.00000,0,0,0
2,24.00000,4,0,3878.00000,2,1,4.00000,0,0,2.00000,2,37.00000,2,1,1.00000,2,1.00000,1,0,0
0,24.00000,4,3,2424.00000,0,4,4.00000,2,0,4.00000,1,53.00000,2,1,2.00000,2,1.00000,0,0,0
1,6.00000,2,0,1203.00000,2,4,3.00000,2,0,2.00000,1,43.00000,2,1,1.00000,2,1.00000,1,0,0
0,18.00000,2,5,1943.00000,1,1,4.00000,1,0,4.00000,0,23.00000,2,1,1.00000,2,1.00000,0,0,1
0,12.00000,0,2,2759.00000,1,4,2.00000,2,0,4.00000,1,34.00000,2,1,2.00000,2,1.00000,0,0,0
1,21.00000,4,0,1602.00000,1,4,4.00000,3,0,3.00000,2,30.00000,2,1,2.00000,2,1.00000,1,0,0
2,9.00000,2,2,918.00000,1,2,4.00000,1,0,1.00000,1,30.00000,2,1,1.00000,2,1.00000,0,0,1
0,48.00000,4,9,7629.00000,0,4,4.00000,0,0,2.00000,2,46.00000,0,1,2.00000,3,2.00000,0,0,0
0,18.00000,2,3,1473.00000,1,1,3.00000,3,0,4.00000,0,39.00000,2,1,1.00000,2,1.00000,1,0,0
2,24.00000,2,3,1967.00000,1,4,4.00000,1,0,4.00000,2,20.00000,2,1,1.00000,2,1.00000,1,0,0
1,12.00000,1,0,697.00000,1,1,4.00000,2,0,2.00000,2,46.00000,0,1,2.00000,2,1.00000,1,0,1
2,18.00000,3,9,2427.00000,0,4,4.00000,2,0,2.00000,1,42.00000,2,1,2.00000,2,1.00000,0,0,0
1,12.00000,4,3,385.00000,1,3,4.00000,1,0,3.00000,0,58.00000,2,1,4.00000,1,1.00000,1,0,0
2,36.00000,3,9,4455.00000,1,2,2.00000,0,0,2.00000,0,30.00000,1,1,2.00000,3,1.00000,1,0,1
2,12.00000,2,0,1295.00000,1,1,3.00000,1,0,1.00000,2,25.00000,2,0,1.00000,2,1.00000,0,0,1
2,9.00000,2,2,2030.00000,0,3,2.00000,2,0,1.00000,2,24.00000,2,1,1.00000,2,1.00000,1,0,0
1,48.00000,2,0,7763.00000,1,4,4.00000,2,0,4.00000,3,42.00000,0,2,1.00000,3,1.00000,0,0,1
0,18.00000,4,1,3850.00000,1,3,3.00000,2,0,1.00000,2,27.00000,2,1,2.00000,2,1.00000,0,0,0
0,36.00000,2,9,5742.00000,2,3,2.00000,2,0,2.00000,2,31.00000,2,1,2.00000,2,1.00000,1,0,0
1,24.00000,2,2,7721.00000,0,1,1.00000,1,0,2.00000,1,30.00000,2,1,1.00000,2,1.00000,1,1,0
0,36.00000,4,1,5711.00000,4,4,4.00000,2,0,2.00000,2,38.00000,2,1,2.00000,3,1.00000,1,0,0
0,12.00000,4,0,926.00000,1,0,1.00000,1,0,2.00000,1,38.00000,2,1,1.00000,0,1.00000,0,0,0
0,6.00000,2,0,672.00000,1,0,1.00000,1,0,4.00000,0,54.00000,2,1,1.00000,0,1.00000,1,0,0
0,24.00000,3,0,2538.00000,1,4,4.00000,2,0,4.00000,2,47.00000,2,1,2.00000,1,2.00000,0,0,1
0,12.00000,2,3,1493.00000,1,1,4.00000,1,0,3.00000,2,34.00000,2,1,1.00000,2,2.00000,0,0,0
0,30.00000,4,3,4530.00000,1,3,4.00000,1,0,4.00000,2,26.00000,2,0,1.00000,3,1.00000,1,0,0
2,12.00000,4,0,3124.00000,1,1,1.00000,2,0,3.00000,0,49.00000,0,1,2.00000,1,2.00000,0,0,0
0,6.00000,2,2,2978.00000,3,2,1.00000,2,0,2.00000,2,32.00000,2,1,1.00000,2,1.00000,1,0,0
1,12.00000,4,0,2121.00000,1,2,4.00000,2,0,2.00000,1,30.00000,2,1,2.00000,2,1.00000,0,0,0
0,24.00000,2,3,5943.00000,0,1,1.00000,1,0,1.00000,2,44.00000,2,1,2.00000,2,1.00000,1,0,1
0,12.00000,3,1,1503.00000,1,2,4.00000,3,0,4.00000,0,41.00000,2,0,1.00000,2,1.00000,0,0,0
0,12.00000,2,1,1413.00000,4,3,3.00000,2,0,2.00000,1,55.00000,2,1,1.00000,2,1.00000,0,1,0
3,36.00000,2,3,4473.00000,1,4,4.00000,2,0,2.00000,2,31.00000,2,1,1.00000,2,1.00000,0,0,0
2,30.00000,0,9,4221.00000,1,2,2.00000,1,0,1.00000,2,28.00000,2,1,2.00000,2,1.00000,0,0,0
1,24.00000,2,3,1938.00000,1,1,4.00000,0,0,3.00000,1,32.00000,2,1,1.00000,2,1.00000,0,0,1
2,20.00000,2,1,6468.00000,0,0,1.00000,0,0,4.00000,0,60.00000,2,1,1.00000,3,1.00000,1,0,0
1,48.00000,2,3,6999.00000,1,3,1.00000,3,2,1.00000,0,34.00000,2,1,2.00000,2,1.00000,1,0,1
1,24.00000,4,9,1382.00000,2,3,4.00000,2,0,1.00000,0,26.00000,2,1,2.00000,2,1.00000,1,0,0
1,24.00000,1,2,2483.00000,3,2,4.00000,2,0,4.00000,0,22.00000,1,1,1.00000,2,1.00000,1,0,0
0,24.00000,2,0,2255.00000,0,1,4.00000,2,0,1.00000,1,54.00000,2,1,1.00000,2,1.00000,0,0,0
1,36.00000,2,0,1842.00000,1,1,4.00000,1,0,4.00000,2,34.00000,2,1,1.00000,2,1.00000,1,0,1
3,12.00000,2,3,3016.00000,1,2,3.00000,3,0,1.00000,2,24.00000,2,1,1.00000,2,1.00000,0,0,0
3,18.00000,2,2,3049.00000,1,1,1.00000,1,0,1.00000,1,45.00000,1,1,1.00000,1,1.00000,0,0,0
3,24.00000,2,3,1377.00000,2,4,4.00000,1,0,2.00000,3,47.00000,2,2,1.00000,2,1.00000,1,0,0
0,15.00000,2,3,1386.00000,0,2,4.00000,3,0,2.00000,0,40.00000,2,0,1.00000,2,1.00000,1,0,0
2,48.00000,1,9,6416.00000,1,4,4.00000,1,0,3.00000,3,59.00000,2,0,1.00000,2,1.00000,0,0,1
1,24.00000,2,2,3149.00000,1,1,4.00000,2,0,1.00000,3,22.00000,0,2,1.00000,2,1.00000,0,0,0
0,24.00000,4,3,2611.00000,1,4,4.00000,3,1,3.00000,0,46.00000,2,1,2.00000,2,1.00000,0,0,0
1,12.00000,3,0,1344.00000,1,2,4.00000,2,0,2.00000,0,43.00000,2,1,2.00000,1,2.00000,0,0,0
0,12.00000,2,9,1542.00000,1,3,2.00000,2,0,4.00000,2,36.00000,2,1,1.00000,2,1.00000,1,0,0
0,30.00000,4,3,6742.00000,0,3,2.00000,2,0,3.00000,1,36.00000,2,1,2.00000,2,1.00000,0,0,0
1,24.00000,2,3,1987.00000,1,2,2.00000,2,0,4.00000,0,21.00000,2,0,1.00000,1,2.00000,0,0,1
1,9.00000,4,3,1138.00000,1,2,4.00000,2,0,4.00000,0,25.00000,2,1,2.00000,1,1.00000,0,0,0
0,24.00000,4,5,5507.00000,1,4,3.00000,2,0,4.00000,3,44.00000,2,2,2.00000,2,1.00000,0,0,0
2,12.00000,2,0,1223.00000,1,4,1.00000,0,0,1.00000,0,46.00000,2,0,2.00000,2,1.00000,0,0,1
3,24.00000,4,0,1344.00000,0,3,4.00000,2,0,2.00000,0,37.00000,0,1,2.00000,1,2.00000,0,0,1
2,12.00000,2,9,1037.00000,2,3,3.00000,2,0,4.00000,0,39.00000,2,1,1.00000,1,1.00000,0,0,0
2,30.00000,2,2,3832.00000,1,1,2.00000,3,0,1.00000,1,22.00000,2,1,1.00000,2,1.00000,0,0,0
2,12.00000,2,0,1007.00000,4,2,4.00000,3,0,1.00000,0,22.00000,2,1,1.00000,2,1.00000,0,0,0
2,36.00000,2,1,9398.00000,1,1,1.00000,3,0,4.00000,2,28.00000,2,0,1.00000,3,1.00000,1,0,1
2,9.00000,2,3,790.00000,3,2,4.00000,1,0,3.00000,0,66.00000,2,1,1.00000,1,1.00000,0,0,0
1,18.00000,1,2,1553.00000,1,2,4.00000,2,0,3.00000,2,44.00000,0,1,1.00000,2,1.00000,0,0,1
2,24.00000,2,10,11328.00000,1,2,2.00000,2,1,3.00000,2,29.00000,0,1,2.00000,3,1.00000,1,0,1
2,36.00000,0,9,1953.00000,1,4,4.00000,2,0,4.00000,3,61.00000,2,2,1.00000,3,1.00000,1,0,1
2,9.00000,1,0,1437.00000,2,3,2.00000,2,0,3.00000,3,29.00000,2,1,1.00000,2,1.00000,0,0,1
1,12.00000,2,4,741.00000,2,0,4.00000,1,0,3.00000,1,22.00000,2,1,1.00000,2,1.00000,0,0,1
3,18.00000,1,3,1445.00000,0,3,4.00000,2,0,4.00000,2,49.00000,0,1,1.00000,1,1.00000,0,0,0
1,12.00000,4,0,3499.00000,1,2,3.00000,1,1,2.00000,0,29.00000,2,1,2.00000,2,1.00000,0,0,1
1,12.00000,2,0,1228.00000,1,2,4.00000,1,0,2.00000,0,24.00000,2,1,1.00000,1,1.00000,0,0,1
1,48.00000,2,0,3931.00000,1,3,4.00000,2,0,4.00000,3,46.00000,2,2,1.00000,2,2.00000,0,0,1
0,7.00000,4,3,730.00000,0,4,4.00000,2,0,2.00000,1,46.00000,2,0,2.00000,1,1.00000,1,0,0
2,30.00000,2,3,1715.00000,0,2,4.00000,1,0,1.00000,2,26.00000,2,1,1.00000,2,1.00000,0,0,0
1,12.00000,0,3,6199.00000,1,2,4.00000,2,0,2.00000,1,28.00000,2,0,2.00000,2,1.00000,1,0,1
2,60.00000,2,0,7408.00000,2,1,4.00000,1,0,2.00000,1,24.00000,2,1,1.00000,3,1.00000,0,0,1
0,36.00000,3,0,10875.00000,1,4,2.00000,2,0,2.00000,2,45.00000,2,1,2.00000,2,2.00000,1,0,0
0,10.00000,2,3,1924.00000,1,2,1.00000,2,0,4.00000,1,38.00000,2,1,1.00000,2,1.00000,1,1,0
2,18.00000,2,2,1924.00000,0,1,4.00000,1,0,3.00000,0,27.00000,2,0,1.00000,2,1.00000,0,0,1
0,12.00000,4,3,522.00000,3,4,4.00000,2,0,4.00000,1,42.00000,2,1,2.00000,2,2.00000,1,0,0
3,12.00000,3,0,2247.00000,1,2,2.00000,1,0,2.00000,2,36.00000,1,1,2.00000,2,1.00000,1,0,0
1,24.00000,1,0,2325.00000,2,3,2.00000,2,0,3.00000,2,32.00000,0,1,1.00000,2,1.00000,0,0,0
2,18.00000,2,3,3213.00000,3,1,1.00000,3,0,3.00000,0,25.00000,2,0,1.00000,2,1.00000,0,0,0
0,12.00000,2,3,1963.00000,1,3,4.00000,2,0,2.00000,2,31.00000,2,0,2.00000,3,2.00000,1,0,0
0,12.00000,4,9,2292.00000,1,0,4.00000,2,0,2.00000,2,42.00000,1,1,2.00000,3,1.00000,1,0,1
1,24.00000,1,10,1358.00000,0,4,4.00000,2,0,3.00000,2,40.00000,1,1,1.00000,3,1.00000,1,0,1
2,60.00000,3,3,9157.00000,0,2,2.00000,2,0,2.00000,3,27.00000,2,2,1.00000,3,1.00000,0,0,0
1,12.00000,2,0,900.00000,0,2,4.00000,3,0,2.00000,2,23.00000,2,1,1.00000,2,1.00000,0,0,1
0,21.00000,4,2,2288.00000,1,1,4.00000,1,0,4.00000,1,23.00000,2,1,1.00000,2,1.00000,1,0,0
1,36.00000,4,2,5371.00000,1,2,3.00000,2,2,2.00000,1,28.00000,2,1,2.00000,2,1.00000,0,0,0
0,12.00000,2,3,886.00000,0,2,4.00000,1,0,2.00000,2,21.00000,2,1,1.00000,2,1.00000,0,0,0
0,6.00000,2,4,1338.00000,3,2,1.00000,0,0,4.00000,0,62.00000,2,1,1.00000,2,1.00000,0,0,0
1,12.00000,2,2,1282.00000,1,2,2.00000,1,0,4.00000,2,20.00000,2,0,1.00000,2,1.00000,0,0,1
1,9.00000,2,3,1366.00000,1,1,3.00000,1,0,4.00000,1,22.00000,2,0,1.00000,2,1.00000,0,0,1
2,9.00000,2,3,2118.00000,1,2,2.00000,2,0,2.00000,0,37.00000,2,1,1.00000,1,2.00000,0,0,0
0,12.00000,2,2,1736.00000,1,3,3.00000,1,0,4.00000,0,31.00000,2,1,1.00000,1,1.00000,0,0,0
2,24.00000,4,3,1216.00000,2,1,4.00000,2,0,4.00000,3,38.00000,0,1,2.00000,2,2.00000,0,0,1
0,12.00000,3,5,1555.00000,4,4,4.00000,2,0,4.00000,3,55.00000,2,2,2.00000,2,2.00000,0,0,1
0,6.00000,4,3,1554.00000,1,3,1.00000,1,0,2.00000,2,24.00000,2,0,2.00000,2,1.00000,1,0,0
1,12.00000,1,3,626.00000,1,2,4.00000,1,0,4.00000,0,24.00000,0,1,1.00000,1,1.00000,0,0,1
0,18.00000,2,0,1820.00000,1,2,2.00000,3,0,2.00000,1,30.00000,2,1,1.00000,3,1.00000,1,0,0
1,24.00000,2,3,2384.00000,1,4,4.00000,2,0,4.00000,0,64.00000,0,0,1.00000,1,1.00000,0,0,0
3,18.00000,2,3,2100.00000,1,2,4.00000,2,1,2.00000,0,37.00000,1,1,1.00000,2,1.00000,0,0,1
1,6.00000,4,3,1169.00000,0,4,4.00000,2,0,4.00000,0,67.00000,2,1,2.00000,2,1.00000,1,0,0
2,36.00000,4,3,2337.00000,1,4,4.00000,2,0,4.00000,0,36.00000,2,1,1.00000,2,1.00000,0,0,0
3,12.00000,1,3,409.00000,4,2,3.00000,1,0,3.00000,0,42.00000,2,0,2.00000,2,1.00000,0,0,0
2,13.00000,2,3,2101.00000,1,1,2.00000,1,2,4.00000,1,23.00000,2,1,1.00000,1,1.00000,0,0,0
2,9.00000,4,3,1154.00000,1,4,2.00000,2,0,4.00000,0,37.00000,2,1,3.00000,1,1.00000,0,0,0
1,9.00000,2,3,1364.00000,1,3,3.00000,2,0,4.00000,0,59.00000,2,1,1.00000,2,1.00000,0,0,0
1,24.00000,2,2,2359.00000,2,0,1.00000,0,0,1.00000,1,33.00000,2,1,1.00000,2,1.00000,0,0,1
3,6.00000,2,2,2116.00000,1,2,2.00000,2,0,2.00000,0,41.00000,2,1,1.00000,2,1.00000,1,0,0
0,12.00000,2,0,1884.00000,1,4,4.00000,2,0,4.00000,2,39.00000,2,1,1.00000,3,1.00000,1,0,0
0,18.00000,4,0,1028.00000,1,2,4.00000,1,0,3.00000,0,36.00000,2,1,2.00000,2,1.00000,0,0,0
1,24.00000,2,1,2910.00000,1,3,2.00000,2,0,1.00000,3,34.00000,2,2,1.00000,3,1.00000,1,0,0
1,36.00000,4,2,6229.00000,1,1,4.00000,1,1,4.00000,3,23.00000,2,0,2.00000,1,1.00000,1,0,1
2,24.00000,2,2,4057.00000,1,3,3.00000,0,0,3.00000,2,43.00000,2,1,1.00000,2,1.00000,1,0,1
1,12.00000,2,2,1620.00000,1,2,2.00000,1,1,3.00000,1,30.00000,2,1,1.00000,2,1.00000,0,0,0
0,18.00000,4,6,1864.00000,2,2,4.00000,1,0,2.00000,0,30.00000,2,1,2.00000,2,1.00000,0,0,1
2,36.00000,2,2,9034.00000,2,1,4.00000,2,1,1.00000,3,29.00000,2,0,1.00000,3,1.00000,1,0,1
2,24.00000,4,3,1743.00000,1,4,4.00000,2,0,2.00000,1,48.00000,2,1,2.00000,1,1.00000,0,0,0
0,6.00000,3,9,1743.00000,2,2,1.00000,2,0,2.00000,0,34.00000,2,1,2.00000,1,1.00000,0,0,0
1,36.00000,4,6,8065.00000,1,2,3.00000,1,0,2.00000,3,25.00000,2,1,2.00000,3,1.00000,1,0,1
0,24.00000,2,3,2284.00000,1,3,4.00000,2,0,2.00000,2,28.00000,2,1,1.00000,2,1.00000,1,0,0
0,24.00000,2,1,7814.00000,1,3,3.00000,2,0,3.00000,2,38.00000,2,1,1.00000,3,1.00000,1,0,0
3,30.00000,4,3,3017.00000,1,4,4.00000,2,0,4.00000,1,47.00000,2,1,1.00000,2,1.00000,0,0,0
0,24.00000,2,3,1533.00000,1,1,4.00000,1,0,3.00000,2,38.00000,1,1,1.00000,2,1.00000,1,0,0
0,5.00000,2,9,3448.00000,1,3,1.00000,2,0,4.00000,0,74.00000,2,1,1.00000,1,1.00000,0,0,0
2,18.00000,4,2,6361.00000,1,4,2.00000,2,0,1.00000,3,41.00000,2,1,1.00000,2,1.00000,1,0,0
0,54.00000,0,1,9436.00000,0,2,2.00000,2,0,2.00000,1,39.00000,2,1,1.00000,1,2.00000,0,0,0
2,36.00000,2,0,12389.00000,0,2,1.00000,2,0,4.00000,3,37.00000,2,2,1.00000,2,1.00000,1,0,1
1,6.00000,2,0,1374.00000,0,0,4.00000,1,0,3.00000,1,75.00000,2,1,1.00000,3,1.00000,1,0,0
1,18.00000,2,4,1217.00000,1,2,4.00000,3,0,3.00000,0,47.00000,2,1,1.00000,1,1.00000,1,0,1
2,24.00000,2,1,11560.00000,1,2,1.00000,1,0,4.00000,2,23.00000,2,0,2.00000,3,1.00000,0,0,1
2,36.00000,4,0,2820.00000,1,1,4.00000,0,0,4.00000,2,27.00000,2,1,2.00000,2,1.00000,0,0,1
0,6.00000,2,2,1543.00000,4,2,4.00000,0,0,2.00000,0,33.00000,2,1,1.00000,2,1.00000,0,0,0
2,24.00000,2,0,2718.00000,1,2,3.00000,1,0,4.00000,1,20.00000,2,0,1.00000,1,1.00000,1,0,1
0,48.00000,2,3,10222.00000,0,3,4.00000,2,0,3.00000,2,37.00000,1,1,1.00000,2,1.00000,1,0,0
2,60.00000,1,10,14782.00000,2,4,3.00000,1,0,4.00000,3,60.00000,0,2,2.00000,3,1.00000,1,0,1
1,18.00000,2,3,1936.00000,0,3,2.00000,3,0,4.00000,2,23.00000,2,0,2.00000,1,1.00000,0,0,0
2,36.00000,2,3,2671.00000,2,2,4.00000,1,1,4.00000,3,50.00000,2,2,1.00000,2,1.00000,0,0,1
0,24.00000,4,2,3777.00000,4,2,4.00000,2,0,4.00000,0,50.00000,2,1,1.00000,2,1.00000,1,0,0
0,13.00000,2,3,1409.00000,2,0,2.00000,1,0,4.00000,0,64.00000,2,1,1.00000,2,1.00000,0,0,0
0,24.00000,2,1,2603.00000,4,2,2.00000,1,0,4.00000,2,28.00000,2,0,1.00000,2,1.00000,1,0,0
1,18.00000,1,0,1442.00000,1,3,4.00000,2,0,4.00000,3,32.00000,2,2,2.00000,1,2.00000,0,0,1
2,45.00000,4,1,4576.00000,2,0,3.00000,2,0,4.00000,2,27.00000,2,1,1.00000,2,1.00000,0,0,0
2,12.00000,2,3,1092.00000,1,2,4.00000,1,2,4.00000,0,49.00000,2,1,2.00000,2,1.00000,1,0,0
3,6.00000,4,0,1299.00000,1,2,1.00000,2,0,1.00000,0,74.00000,2,1,3.00000,0,2.00000,0,1,0
2,11.00000,4,0,1322.00000,4,2,4.00000,1,0,4.00000,2,40.00000,2,1,2.00000,2,1.00000,0,0,0
0,12.00000,2,0,2133.00000,0,4,4.00000,1,0,4.00000,3,52.00000,2,2,1.00000,3,1.00000,1,0,0
1,10.00000,4,0,1038.00000,1,3,4.00000,2,1,3.00000,1,49.00000,2,1,2.00000,2,1.00000,1,0,0
2,24.00000,2,2,4351.00000,0,2,1.00000,1,0,4.00000,1,48.00000,2,1,1.00000,1,1.00000,1,0,0
2,10.00000,2,0,7308.00000,1,0,2.00000,2,0,4.00000,3,70.00000,0,2,1.00000,3,1.00000,1,0,0
0,24.00000,4,5,2058.00000,1,2,4.00000,0,0,2.00000,0,33.00000,2,1,2.00000,2,1.00000,1,0,0
1,12.00000,2,0,3651.00000,4,2,1.00000,2,0,3.00000,1,31.00000,2,1,1.00000,2,2.00000,0,0,0
2,36.00000,2,3,4795.00000,1,1,4.00000,1,0,1.00000,3,30.00000,2,1,1.00000,3,1.00000,1,0,0
1,18.00000,2,2,4153.00000,1,2,2.00000,2,1,3.00000,2,42.00000,2,1,1.00000,2,1.00000,0,0,1
3,15.00000,2,9,2687.00000,1,3,2.00000,2,0,4.00000,1,26.00000,2,0,1.00000,2,1.00000,1,0,0
0,36.00000,2,9,7409.00000,0,4,3.00000,2,0,2.00000,1,37.00000,2,1,2.00000,2,1.00000,0,0,0
0,36.00000,2,3,3595.00000,1,4,4.00000,2,0,2.00000,2,28.00000,2,1,1.00000,2,1.00000,0,0,0
2,24.00000,4,9,1935.00000,1,4,4.00000,0,0,4.00000,0,31.00000,2,1,2.00000,2,1.00000,1,0,1
0,9.00000,2,3,2697.00000,1,2,1.00000,2,0,2.00000,0,32.00000,2,1,1.00000,2,2.00000,0,0,0
2,36.00000,2,1,6948.00000,1,2,2.00000,2,0,2.00000,2,35.00000,2,0,1.00000,3,1.00000,1,0,0
